25.0
20.0
17.0
30.0
18.0
20.0
37.0
19.0
35.0
17.0
32.0
12.0
10.0
27.0
15.0
25.0
18.0
13.0
22.0
24.0
20.0
15.0
23.0
12.0
18.0
9.0
16.0
20.0
13.0
23.0
17.0
11.0
11.0
12.0
39.0
22.0
16.0
19.0
16.0
10.0
17.0
32.0
18.0
19.0
19.0
16.0
17.0
12.0
12.0
13.0
28.0
18.0
17.0
11.0
14.0
18.0
11.0
10.0
12.0
17.0
16.0
10.0
15.0
12.0
14.0
42.0
13.0
20.0
32.0
17.0
17.0
10.0
21.0
11.0
23.0
41.0
24.0
21.0
12.0
40.0
18.0
96.0
15.0
19.0
19.0
21.0
18.0
44.0
15.0
13.0
10.0
9.0
38.0
16.0
22.0
17.0
33.0
13.0
12.0
30.0
13.0
13.0
29.0
17.0
29.0
45.0
27.0
13.0
21.0
16.0
20.0
15.0
18.0
18.0
27.0
12.0
16.0
12.0
11.0
11.0
18.0
13.0
24.0
26.0
27.0
11.0
14.0
12.0
18.0
14.0
21.0
23.0
25.0
10.0
14.0
11.0
15.0
10.0
13.0
20.0
16.0
19.0
15.0
17.0
14.0
13.0
53.0
9.0
14.0
22.0
34.0
25.0
16.0
12.0
9.0
11.0
13.0
27.0
18.0
11.0
14.0
13.0
15.0
83.0
17.0
14.0
21.0
21.0
17.0
15.0
11.0
13.0
12.0
14.0
12.0
27.0
15.0
10.0
11.0
22.0
39.0
13.0
18.0
15.0
8.0
80.0
25.0
11.0
17.0
13.0
17.0
20.0
21.0
25.0
14.0
13.0
12.0
41.0
33.0
15.0
13.0
10.0
20.0
13.0
17.0
26.0
21.0
18.0
19.0
28.0
35.0
27.0
23.0
57.0
18.0
25.0
25.0
13.0
22.0
29.0
27.0
19.0
63.0
28.0
18.0
19.0
10.0
18.0
17.0
23.0
13.0
18.0
19.0
12.0
19.0
27.0
70.0
31.0
23.0
18.0
20.0
11.0
22.0
21.0
16.0
20.0
11.0
27.0
15.0
47.0
33.0
54.0
60.0
32.0
41.0
53.0
19.0
11.0
33.0
72.0
33.0
45.0
40.0
25.0
22.0
36.0
13.0
44.0
115.0
26.0
52.0
26.0
24.0
58.0
48.0
30.0
83.0
38.0
36.0
34.0
62.0
62.0
55.0
26.0
35.0
22.0
43.0
45.0
67.0
52.0
63.0
80.0
38.0
87.0
79.0
63.0
61.0
55.0
78.0
131.0
42.0
59.0
49.0
133.0
128.0
90.0
113.0
35.0
37.0
46.0
40.0
50.0
44.0
75.0
43.0
40.0
59.0
48.0
60.0
56.0
51.0
40.0
65.0
60.0
79.0
92.0
60.0
112.0
90.0
73.0
82.0
148.0
77.0
69.0
146.0
31.0
77.0
75.0
58.0
133.0
113.0
78.0
65.0
67.0
67.0
115.0
71.0
60.0
94.0
98.0
200.0
80.0
114.0
119.0
98.0
81.0
83.0
114.0
147.0
120.0
126.0
132.0
111.0
123.0
167.0
101.0
160.0
121.0
146.0
157.0
160.0
200.0
160.0
142.0
162.0
150.0
136.0
200.0
184.0
132.0
192.0
177.0
200.0
143.0
123.0
150.0
191.0
134.0
158.0
172.0
153.0
148.0
168.0
156.0
188.0
166.0
200.0
200.0
200.0
182.0
200.0
157.0
175.0
196.0
200.0
200.0
174.0
177.0
144.0
181.0
143.0
138.0
145.0
148.0
117.0
142.0
121.0
136.0
162.0
137.0
141.0
157.0
163.0
142.0
152.0
143.0
151.0
161.0
129.0
128.0
133.0
141.0
127.0
123.0
146.0
156.0
164.0
154.0
198.0
193.0
200.0
187.0
173.0
200.0
175.0
198.0
199.0
200.0
186.0
200.0
200.0
199.0
200.0
200.0
199.0
200.0
200.0
200.0
200.0
200.0
200.0
200.0
200.0
200.0
200.0
200.0
192.0
200.0
200.0
200.0
200.0
181.0
200.0
200.0
200.0
200.0
200.0
200.0
200.0
200.0
199.0
179.0
200.0
200.0
200.0
200.0
200.0
200.0
200.0
200.0
200.0
200.0
200.0
200.0
200.0
200.0
200.0
200.0
200.0
200.0
200.0
166.0
183.0
200.0
200.0
200.0
200.0
189.0
183.0
173.0
200.0
200.0
178.0
173.0
178.0
195.0
200.0
167.0
181.0
161.0
184.0
197.0
200.0
173.0
153.0
169.0
177.0
153.0
158.0
131.0
150.0
145.0
171.0
145.0
135.0
172.0
194.0
200.0
159.0
184.0
157.0
142.0
156.0
148.0
173.0
168.0
177.0
136.0
150.0
141.0
126.0
150.0
125.0
125.0
148.0
136.0
134.0
138.0
138.0
140.0
126.0
139.0
141.0
157.0
155.0
140.0
149.0
134.0
144.0
129.0
132.0
130.0
132.0
143.0
125.0
145.0
128.0
163.0
136.0
153.0
129.0
138.0
162.0
160.0
141.0
153.0
184.0
192.0
147.0
148.0
156.0
179.0
172.0
169.0
160.0
152.0
177.0
159.0
171.0
168.0
159.0
161.0
169.0
143.0
164.0
154.0
166.0
159.0
188.0
157.0
179.0
152.0
174.0
175.0
198.0
180.0
189.0
169.0
165.0
200.0
200.0
191.0
164.0
200.0
200.0
172.0
200.0
177.0
192.0
196.0
193.0
200.0
162.0
162.0
200.0
182.0
173.0
188.0
175.0
200.0
200.0
200.0
200.0
200.0
195.0
200.0
200.0
200.0
200.0
200.0
200.0
200.0
200.0
200.0
200.0
200.0
200.0
200.0
200.0
200.0
196.0
192.0
174.0
196.0
174.0
178.0
193.0
200.0
200.0
200.0
200.0
200.0
200.0
200.0
200.0
200.0
200.0
200.0
200.0
182.0
200.0
200.0
200.0
200.0
200.0
200.0
200.0
200.0
200.0
200.0
200.0
200.0
200.0
200.0
200.0
200.0
193.0
200.0
183.0
200.0
200.0
200.0
200.0
200.0
200.0
200.0
200.0
200.0
200.0
200.0
200.0
200.0
200.0
200.0
200.0
200.0
189.0
200.0
186.0
200.0
200.0
200.0
200.0
164.0
200.0
187.0
200.0
200.0
200.0
200.0
200.0
200.0
200.0
200.0
200.0
200.0
200.0
200.0
200.0
200.0
200.0
200.0
200.0
200.0
200.0
200.0
200.0
200.0
200.0
200.0
200.0
197.0
200.0
200.0
200.0
200.0
200.0
200.0
200.0
200.0
200.0
200.0
200.0
200.0
200.0
200.0
200.0
200.0
200.0
200.0
200.0
200.0
200.0
200.0
200.0
200.0
200.0
200.0
200.0
200.0
195.0
200.0
196.0
175.0
187.0
170.0
195.0
200.0
179.0
200.0
180.0
200.0
200.0
200.0
200.0
200.0
196.0
200.0
200.0
200.0
200.0
200.0
200.0
200.0
200.0
200.0
200.0
194.0
200.0
200.0
200.0
200.0
200.0
200.0
200.0
200.0
200.0
200.0
200.0
200.0
200.0
200.0
200.0
200.0
200.0
200.0
200.0
200.0
200.0
200.0
200.0
200.0
200.0
200.0
200.0
199.0
200.0
181.0
200.0
155.0
200.0
200.0
173.0
200.0
200.0
200.0
200.0
200.0
200.0
200.0
200.0
200.0
200.0
200.0
200.0
200.0
200.0
200.0
199.0
200.0
200.0
200.0
200.0
200.0
200.0
200.0
199.0
200.0
200.0
200.0
200.0
200.0
200.0
182.0
200.0
200.0
188.0
166.0
200.0
200.0
200.0
200.0
200.0
200.0
200.0
200.0
200.0
200.0
200.0
200.0
200.0
200.0
200.0
200.0
200.0
200.0
200.0
200.0
200.0
200.0
200.0
200.0
200.0
200.0
200.0
200.0
200.0
200.0
200.0
200.0
200.0
200.0
200.0
200.0
200.0
200.0
200.0
200.0
200.0
200.0
200.0
200.0
200.0
200.0
200.0
200.0
200.0
200.0
200.0
200.0
200.0
200.0
200.0
200.0
200.0
200.0
200.0
200.0
200.0
200.0
200.0
200.0
200.0
200.0
200.0
200.0
200.0
200.0
200.0
200.0
200.0
200.0
200.0
200.0
200.0
200.0
200.0
200.0
200.0
200.0
200.0
200.0
200.0
200.0
200.0
200.0
200.0
200.0
200.0
200.0
200.0
200.0
200.0
200.0
200.0
200.0
200.0
200.0
200.0
200.0
200.0
200.0
200.0
200.0
200.0
200.0
200.0
200.0
200.0
200.0
200.0
200.0
200.0
200.0
200.0
200.0
200.0
200.0
200.0
200.0
200.0
200.0
200.0
200.0
200.0
200.0
200.0
200.0
200.0
200.0
200.0
200.0
200.0
200.0
200.0
200.0
200.0
200.0
200.0
200.0
200.0
200.0
200.0
200.0
200.0
200.0
200.0
200.0
200.0
200.0
200.0
200.0
200.0
200.0
200.0
200.0
200.0
200.0
200.0
200.0
200.0
200.0
200.0
200.0
200.0
200.0
200.0
200.0
200.0
200.0
200.0
200.0
200.0
200.0
200.0
200.0
200.0
200.0
200.0
200.0
200.0
200.0
200.0
200.0
200.0
200.0
200.0
200.0
200.0
200.0
200.0
200.0
200.0
200.0
200.0
200.0
200.0
200.0
200.0
200.0
200.0
200.0
200.0
200.0
200.0
200.0
200.0
200.0
200.0
200.0
200.0
200.0
200.0
200.0
200.0
200.0
200.0
200.0
200.0
200.0
200.0
200.0
200.0
200.0
200.0
200.0
200.0
200.0
200.0
200.0
200.0
200.0
200.0
200.0
200.0
200.0
200.0
200.0
200.0
200.0
200.0
200.0
200.0
200.0
200.0
200.0
200.0
200.0
200.0
200.0
200.0
200.0
200.0
200.0
200.0
200.0
200.0
200.0
200.0
200.0
200.0
200.0
200.0
200.0
200.0
200.0
200.0
200.0
200.0
200.0
200.0
200.0
200.0
200.0
200.0
200.0
200.0
200.0
200.0
200.0
200.0
200.0
200.0
200.0
200.0
200.0
200.0
200.0
200.0
200.0
200.0
200.0
200.0
200.0
200.0
200.0
200.0
200.0
200.0
200.0
200.0
200.0
200.0
200.0
200.0
200.0
200.0
200.0
200.0
200.0
200.0
200.0
200.0
200.0
200.0
200.0
200.0
200.0
200.0
200.0
200.0
200.0
200.0
200.0
200.0
200.0
200.0
200.0
200.0
200.0
200.0
200.0
200.0
200.0
200.0
200.0
200.0
200.0
200.0
200.0
200.0
200.0
200.0
200.0
200.0
200.0
200.0
200.0
200.0
200.0
200.0
200.0
200.0
200.0
200.0
200.0
200.0
200.0
200.0
200.0
200.0
200.0
200.0
200.0
200.0
200.0
200.0
200.0
200.0
200.0
200.0
200.0
200.0
200.0
200.0
200.0
200.0
200.0
200.0
200.0
200.0
200.0
200.0
200.0
200.0
200.0
200.0
200.0
200.0
200.0
200.0
200.0
200.0
200.0
200.0
200.0
200.0
200.0
200.0
200.0
200.0
200.0
200.0
200.0
200.0
200.0
200.0
200.0
200.0
200.0
200.0
200.0
200.0
200.0
200.0
200.0
200.0
200.0
200.0
200.0
200.0
200.0
200.0
200.0
200.0
200.0
200.0
200.0
200.0
200.0
200.0
200.0
200.0
200.0
200.0
200.0
200.0
200.0
200.0
200.0
200.0
200.0
200.0
200.0
200.0
200.0
200.0
200.0
200.0
200.0
200.0
200.0
200.0
200.0
200.0
200.0
200.0
200.0
200.0
200.0
200.0
200.0
200.0
200.0
200.0
200.0
200.0
200.0
200.0
200.0
200.0
200.0
200.0
200.0
200.0
200.0
200.0
200.0
200.0
200.0
200.0
200.0
200.0
200.0
200.0
200.0
200.0
200.0
200.0
200.0
200.0
200.0
200.0
200.0
200.0
200.0
200.0
200.0
200.0
200.0
200.0
200.0
200.0
200.0
200.0
200.0
200.0
200.0
200.0
200.0
200.0
200.0
200.0
200.0
200.0
200.0
200.0
200.0
200.0
200.0
200.0
200.0
200.0
200.0
200.0
200.0
200.0
200.0
200.0
200.0
200.0
200.0
200.0
200.0
200.0
200.0
200.0
200.0
200.0
200.0
200.0
200.0
200.0
200.0
200.0
200.0
200.0
200.0
200.0
200.0
200.0
200.0
200.0
200.0
200.0
200.0
200.0
200.0
200.0
200.0
200.0
200.0
200.0
200.0
200.0
200.0
200.0
200.0
200.0
200.0
200.0
200.0
200.0
200.0
200.0
200.0
200.0
200.0
200.0
200.0
200.0
200.0
200.0
200.0
200.0
200.0
200.0
200.0
200.0
200.0
200.0
200.0
200.0
200.0
200.0
200.0
200.0
200.0
200.0
200.0
200.0
200.0
200.0
200.0
200.0
200.0
200.0
200.0
200.0
200.0
200.0
200.0
200.0
200.0
200.0
200.0
200.0
200.0
200.0
200.0
200.0
200.0
200.0
200.0
200.0
200.0
200.0
200.0
200.0
200.0
200.0
200.0
200.0
200.0
200.0
200.0
200.0
200.0
200.0
200.0
200.0
200.0
200.0
200.0
200.0
200.0
200.0
200.0
200.0
200.0
200.0
200.0
200.0
200.0
200.0
200.0
200.0
200.0
200.0
200.0
200.0
200.0
200.0
200.0
200.0
200.0
200.0
200.0
200.0
200.0
200.0
200.0
200.0
200.0
200.0
200.0
200.0
200.0
200.0
200.0
200.0
200.0
200.0
200.0
200.0
200.0
200.0
200.0
200.0
200.0
200.0
200.0
200.0
200.0
200.0
200.0
200.0
200.0
200.0
200.0
200.0
200.0
200.0
200.0
200.0
200.0
200.0
200.0
200.0
200.0
200.0
200.0
200.0
200.0
200.0
200.0
200.0
200.0
200.0
200.0
200.0
200.0
200.0
200.0
200.0
200.0
200.0
200.0
200.0
200.0
200.0
200.0
200.0
200.0
200.0
200.0
200.0
200.0
200.0
200.0
200.0
200.0
200.0
200.0
200.0
200.0
200.0
200.0
200.0
200.0
200.0
200.0
200.0
200.0
200.0
200.0
200.0
200.0
200.0
200.0
200.0
200.0
200.0
200.0
200.0
200.0
200.0
200.0
200.0
200.0
200.0
200.0
200.0
200.0
200.0
200.0
200.0
200.0
200.0
200.0
200.0
200.0
200.0
200.0
200.0
200.0
200.0
200.0
200.0
200.0
200.0
200.0
200.0
200.0
200.0
200.0
200.0
200.0
200.0
200.0
200.0
200.0
200.0
200.0
200.0
200.0
200.0
200.0
200.0
200.0
200.0
200.0
200.0
200.0
200.0
200.0
200.0
200.0
200.0
200.0
200.0
200.0
200.0
200.0
200.0
200.0
200.0
200.0
200.0
200.0
200.0
200.0
200.0
200.0
200.0
200.0
200.0
200.0
200.0
200.0
200.0
200.0
200.0
200.0
200.0
200.0
200.0
200.0
200.0
200.0
200.0
200.0
200.0
200.0
200.0
200.0
200.0
200.0
200.0
200.0
200.0
200.0
200.0
200.0
200.0
200.0
200.0
200.0
200.0
200.0
200.0
200.0
200.0
200.0
200.0
200.0
200.0
200.0
200.0
200.0
200.0
200.0
200.0
200.0
200.0
200.0
200.0
200.0
200.0
200.0
200.0
200.0
200.0
200.0
200.0
200.0
200.0
200.0
200.0
200.0
200.0
200.0
200.0
200.0
200.0
200.0
200.0
200.0
200.0
200.0
200.0
200.0
200.0
200.0
200.0
200.0
200.0
200.0
200.0
200.0
200.0
200.0
200.0
200.0
200.0
200.0
200.0
200.0
200.0
200.0
200.0
200.0
200.0
200.0
200.0
200.0
200.0
200.0
200.0
200.0
200.0
200.0
200.0
200.0
200.0
200.0
200.0
200.0
200.0
200.0
200.0
200.0
200.0
200.0
200.0
200.0
200.0
200.0
200.0
200.0
200.0
200.0
200.0
200.0
200.0
200.0
200.0
200.0
200.0
200.0
200.0
200.0
200.0
200.0
200.0
200.0
200.0
200.0
200.0
200.0
200.0
200.0
200.0
200.0
200.0
200.0
200.0
200.0
200.0
200.0
200.0
200.0
200.0
200.0
200.0
200.0
200.0
200.0
200.0
200.0
200.0
200.0
200.0
200.0
200.0
200.0
200.0
200.0
200.0
200.0
200.0
200.0
200.0
200.0
200.0
200.0
200.0
200.0
200.0
200.0
200.0
200.0
200.0
200.0
200.0
200.0
200.0
200.0
200.0
200.0
200.0
200.0
200.0
200.0
200.0
200.0
200.0
200.0
200.0
200.0
200.0
200.0
200.0
200.0
200.0
200.0
200.0
200.0
200.0
200.0
200.0
200.0
200.0
200.0
200.0
200.0
200.0
200.0
200.0
200.0
200.0
200.0
200.0
200.0
200.0
200.0
200.0
200.0
200.0
200.0
200.0
200.0
200.0
200.0
200.0
200.0
200.0
200.0
200.0
200.0
200.0
200.0
200.0
200.0
200.0
200.0
200.0
200.0
200.0
200.0
200.0
200.0
200.0
200.0
200.0
200.0
200.0
200.0
200.0
200.0
200.0
200.0
200.0
200.0
200.0
200.0
200.0
200.0
200.0
200.0
200.0
200.0
200.0
200.0
200.0
200.0
200.0
200.0
200.0
200.0
