11.0
21.0
31.0
17.0
14.0
9.0
24.0
28.0
28.0
11.0
10.0
22.0
12.0
27.0
20.0
21.0
37.0
16.0
17.0
14.0
16.0
16.0
11.0
19.0
26.0
36.0
12.0
11.0
21.0
10.0
18.0
25.0
35.0
15.0
18.0
31.0
16.0
14.0
13.0
17.0
10.0
16.0
12.0
11.0
13.0
19.0
13.0
15.0
29.0
17.0
17.0
33.0
35.0
17.0
18.0
18.0
29.0
24.0
12.0
20.0
18.0
23.0
8.0
31.0
21.0
25.0
12.0
20.0
25.0
29.0
15.0
18.0
28.0
25.0
16.0
10.0
22.0
70.0
24.0
17.0
36.0
21.0
16.0
47.0
12.0
14.0
11.0
19.0
13.0
21.0
14.0
50.0
19.0
13.0
42.0
28.0
13.0
27.0
16.0
16.0
19.0
18.0
13.0
19.0
12.0
31.0
40.0
31.0
11.0
21.0
9.0
12.0
15.0
13.0
9.0
25.0
14.0
12.0
10.0
13.0
19.0
15.0
36.0
15.0
11.0
19.0
10.0
55.0
25.0
16.0
22.0
18.0
22.0
11.0
18.0
13.0
20.0
20.0
22.0
11.0
16.0
12.0
23.0
9.0
12.0
17.0
14.0
20.0
10.0
19.0
11.0
28.0
11.0
16.0
18.0
13.0
38.0
27.0
14.0
26.0
16.0
44.0
16.0
21.0
13.0
22.0
17.0
23.0
41.0
17.0
26.0
15.0
29.0
20.0
18.0
17.0
15.0
11.0
72.0
17.0
15.0
16.0
14.0
22.0
25.0
17.0
14.0
20.0
13.0
22.0
13.0
36.0
16.0
13.0
16.0
15.0
15.0
17.0
30.0
12.0
12.0
15.0
28.0
18.0
36.0
13.0
22.0
18.0
29.0
18.0
11.0
13.0
30.0
29.0
42.0
21.0
19.0
49.0
34.0
23.0
14.0
15.0
29.0
23.0
38.0
17.0
49.0
16.0
22.0
32.0
20.0
16.0
20.0
18.0
33.0
15.0
17.0
16.0
20.0
16.0
24.0
32.0
20.0
14.0
11.0
16.0
17.0
19.0
25.0
30.0
19.0
95.0
18.0
23.0
32.0
60.0
31.0
24.0
34.0
27.0
34.0
29.0
19.0
41.0
26.0
18.0
28.0
23.0
29.0
45.0
30.0
38.0
33.0
28.0
29.0
30.0
37.0
29.0
23.0
16.0
25.0
31.0
37.0
69.0
42.0
41.0
45.0
46.0
37.0
31.0
37.0
40.0
51.0
24.0
39.0
37.0
13.0
32.0
40.0
93.0
28.0
48.0
47.0
33.0
20.0
46.0
179.0
96.0
51.0
170.0
46.0
56.0
48.0
49.0
40.0
59.0
172.0
62.0
70.0
200.0
136.0
87.0
65.0
63.0
74.0
79.0
91.0
70.0
123.0
133.0
102.0
200.0
135.0
100.0
200.0
112.0
200.0
138.0
200.0
155.0
177.0
200.0
199.0
119.0
152.0
200.0
200.0
138.0
154.0
200.0
200.0
200.0
200.0
200.0
200.0
187.0
200.0
160.0
102.0
188.0
154.0
115.0
126.0
115.0
200.0
121.0
124.0
110.0
126.0
121.0
130.0
200.0
110.0
131.0
156.0
126.0
108.0
115.0
98.0
173.0
120.0
125.0
134.0
114.0
131.0
150.0
137.0
132.0
114.0
126.0
107.0
135.0
117.0
128.0
122.0
124.0
106.0
110.0
112.0
126.0
136.0
165.0
137.0
113.0
135.0
130.0
140.0
120.0
129.0
137.0
111.0
134.0
120.0
125.0
141.0
125.0
125.0
117.0
122.0
135.0
143.0
133.0
135.0
137.0
143.0
134.0
122.0
143.0
133.0
163.0
141.0
128.0
139.0
140.0
180.0
129.0
161.0
147.0
158.0
134.0
143.0
191.0
169.0
200.0
159.0
152.0
151.0
149.0
200.0
180.0
149.0
145.0
200.0
200.0
200.0
200.0
200.0
200.0
191.0
200.0
175.0
195.0
183.0
200.0
158.0
143.0
139.0
145.0
200.0
167.0
159.0
200.0
200.0
168.0
200.0
156.0
173.0
165.0
186.0
171.0
161.0
200.0
200.0
171.0
200.0
200.0
200.0
200.0
197.0
200.0
200.0
163.0
200.0
200.0
200.0
200.0
200.0
200.0
200.0
200.0
187.0
200.0
200.0
200.0
151.0
188.0
200.0
200.0
200.0
200.0
188.0
200.0
168.0
200.0
200.0
200.0
200.0
200.0
200.0
200.0
200.0
200.0
183.0
160.0
198.0
200.0
200.0
200.0
200.0
182.0
200.0
200.0
200.0
200.0
200.0
200.0
177.0
196.0
174.0
183.0
163.0
192.0
200.0
178.0
195.0
200.0
178.0
194.0
192.0
185.0
200.0
200.0
200.0
200.0
168.0
200.0
179.0
183.0
198.0
200.0
200.0
200.0
200.0
200.0
200.0
200.0
200.0
200.0
199.0
187.0
190.0
200.0
156.0
196.0
200.0
191.0
186.0
172.0
200.0
166.0
200.0
172.0
159.0
200.0
200.0
200.0
200.0
174.0
200.0
200.0
200.0
200.0
173.0
200.0
189.0
177.0
200.0
200.0
187.0
187.0
174.0
169.0
182.0
184.0
200.0
200.0
200.0
200.0
167.0
200.0
200.0
168.0
200.0
193.0
200.0
200.0
199.0
200.0
162.0
200.0
200.0
200.0
200.0
191.0
200.0
180.0
200.0
184.0
200.0
200.0
200.0
200.0
186.0
200.0
200.0
200.0
200.0
200.0
200.0
200.0
184.0
200.0
151.0
200.0
200.0
196.0
163.0
200.0
200.0
200.0
200.0
180.0
184.0
200.0
200.0
186.0
200.0
200.0
200.0
200.0
200.0
200.0
200.0
200.0
200.0
200.0
200.0
185.0
200.0
200.0
200.0
187.0
200.0
200.0
200.0
200.0
200.0
200.0
193.0
200.0
193.0
200.0
200.0
171.0
200.0
200.0
200.0
165.0
200.0
200.0
200.0
153.0
182.0
200.0
200.0
200.0
200.0
175.0
186.0
200.0
200.0
200.0
171.0
200.0
200.0
200.0
200.0
199.0
185.0
200.0
180.0
191.0
200.0
173.0
185.0
200.0
200.0
191.0
168.0
200.0
200.0
200.0
200.0
173.0
177.0
200.0
166.0
165.0
196.0
179.0
188.0
172.0
144.0
160.0
184.0
182.0
171.0
171.0
178.0
168.0
178.0
190.0
144.0
192.0
162.0
181.0
181.0
192.0
197.0
200.0
191.0
183.0
148.0
181.0
190.0
200.0
199.0
178.0
169.0
193.0
177.0
166.0
149.0
172.0
162.0
181.0
200.0
177.0
165.0
174.0
191.0
199.0
191.0
178.0
200.0
162.0
149.0
200.0
160.0
149.0
175.0
197.0
200.0
179.0
172.0
152.0
154.0
199.0
177.0
169.0
157.0
185.0
200.0
200.0
200.0
200.0
154.0
182.0
172.0
167.0
180.0
173.0
167.0
165.0
198.0
181.0
187.0
183.0
178.0
200.0
200.0
122.0
200.0
162.0
198.0
172.0
164.0
200.0
153.0
200.0
200.0
160.0
183.0
200.0
139.0
95.0
200.0
200.0
200.0
198.0
194.0
186.0
169.0
162.0
200.0
184.0
200.0
200.0
200.0
200.0
197.0
200.0
200.0
200.0
200.0
200.0
200.0
200.0
200.0
200.0
200.0
200.0
200.0
200.0
200.0
200.0
200.0
200.0
200.0
200.0
200.0
200.0
200.0
200.0
200.0
200.0
200.0
200.0
200.0
200.0
200.0
200.0
200.0
200.0
200.0
200.0
200.0
200.0
200.0
200.0
200.0
200.0
200.0
200.0
200.0
200.0
200.0
200.0
200.0
200.0
200.0
200.0
200.0
200.0
200.0
200.0
200.0
200.0
200.0
200.0
200.0
200.0
200.0
200.0
200.0
129.0
200.0
200.0
200.0
200.0
200.0
200.0
200.0
200.0
200.0
200.0
200.0
200.0
200.0
200.0
158.0
50.0
200.0
200.0
200.0
200.0
200.0
200.0
53.0
64.0
200.0
57.0
200.0
200.0
52.0
52.0
49.0
51.0
44.0
47.0
57.0
52.0
49.0
56.0
200.0
200.0
53.0
42.0
42.0
43.0
48.0
200.0
200.0
200.0
200.0
45.0
13.0
45.0
200.0
200.0
200.0
200.0
200.0
44.0
200.0
200.0
200.0
200.0
200.0
200.0
200.0
200.0
200.0
200.0
200.0
200.0
200.0
200.0
200.0
200.0
200.0
200.0
200.0
200.0
200.0
200.0
200.0
200.0
200.0
200.0
200.0
200.0
200.0
200.0
200.0
200.0
200.0
200.0
200.0
200.0
200.0
200.0
200.0
200.0
200.0
200.0
200.0
200.0
200.0
200.0
200.0
200.0
200.0
200.0
200.0
200.0
200.0
200.0
200.0
200.0
200.0
200.0
200.0
200.0
200.0
200.0
200.0
200.0
200.0
200.0
200.0
200.0
200.0
200.0
200.0
200.0
200.0
200.0
200.0
200.0
200.0
200.0
200.0
200.0
200.0
200.0
200.0
200.0
200.0
200.0
200.0
200.0
200.0
200.0
200.0
200.0
200.0
200.0
200.0
200.0
200.0
200.0
200.0
200.0
200.0
200.0
200.0
200.0
200.0
200.0
200.0
200.0
200.0
200.0
200.0
200.0
200.0
200.0
200.0
200.0
200.0
200.0
200.0
200.0
200.0
200.0
200.0
200.0
200.0
200.0
200.0
200.0
200.0
200.0
200.0
200.0
200.0
200.0
200.0
200.0
200.0
200.0
200.0
200.0
200.0
200.0
200.0
200.0
200.0
200.0
200.0
200.0
200.0
200.0
200.0
200.0
200.0
200.0
200.0
200.0
200.0
200.0
200.0
200.0
200.0
200.0
200.0
200.0
200.0
200.0
200.0
200.0
200.0
200.0
200.0
200.0
200.0
200.0
200.0
200.0
200.0
200.0
200.0
200.0
200.0
200.0
200.0
200.0
200.0
200.0
200.0
200.0
200.0
200.0
200.0
200.0
200.0
200.0
200.0
200.0
200.0
200.0
200.0
200.0
200.0
200.0
200.0
200.0
200.0
200.0
200.0
200.0
200.0
200.0
200.0
200.0
200.0
200.0
200.0
200.0
200.0
200.0
200.0
200.0
200.0
200.0
200.0
200.0
200.0
200.0
200.0
200.0
200.0
200.0
200.0
200.0
200.0
200.0
200.0
200.0
200.0
200.0
200.0
200.0
200.0
200.0
200.0
200.0
200.0
200.0
200.0
200.0
200.0
200.0
200.0
200.0
200.0
200.0
200.0
200.0
200.0
200.0
200.0
200.0
200.0
200.0
200.0
200.0
200.0
200.0
200.0
200.0
200.0
200.0
200.0
200.0
200.0
200.0
200.0
200.0
200.0
200.0
200.0
200.0
200.0
200.0
200.0
200.0
200.0
200.0
200.0
200.0
200.0
200.0
200.0
200.0
200.0
200.0
200.0
200.0
200.0
200.0
200.0
200.0
200.0
200.0
200.0
200.0
200.0
200.0
200.0
200.0
200.0
200.0
200.0
200.0
200.0
200.0
200.0
200.0
200.0
200.0
200.0
200.0
200.0
200.0
200.0
200.0
200.0
200.0
200.0
200.0
200.0
200.0
200.0
200.0
200.0
200.0
200.0
200.0
200.0
200.0
200.0
200.0
200.0
200.0
200.0
200.0
200.0
200.0
200.0
200.0
200.0
200.0
200.0
200.0
200.0
200.0
200.0
200.0
200.0
200.0
200.0
200.0
200.0
200.0
200.0
200.0
200.0
200.0
200.0
200.0
200.0
200.0
200.0
200.0
200.0
200.0
200.0
200.0
200.0
200.0
200.0
200.0
200.0
200.0
200.0
200.0
200.0
200.0
200.0
200.0
200.0
200.0
200.0
200.0
200.0
200.0
200.0
200.0
200.0
200.0
200.0
200.0
200.0
200.0
200.0
200.0
200.0
200.0
200.0
200.0
200.0
200.0
200.0
200.0
200.0
200.0
200.0
200.0
200.0
200.0
200.0
200.0
200.0
200.0
200.0
200.0
200.0
200.0
200.0
200.0
200.0
200.0
200.0
200.0
200.0
200.0
200.0
200.0
200.0
200.0
200.0
200.0
200.0
200.0
200.0
200.0
200.0
200.0
200.0
200.0
200.0
200.0
200.0
200.0
200.0
200.0
200.0
200.0
200.0
200.0
200.0
200.0
200.0
200.0
200.0
200.0
200.0
200.0
200.0
200.0
200.0
200.0
200.0
200.0
200.0
200.0
200.0
200.0
200.0
200.0
200.0
200.0
200.0
200.0
200.0
200.0
200.0
200.0
200.0
200.0
200.0
200.0
200.0
200.0
200.0
200.0
200.0
200.0
200.0
200.0
200.0
200.0
200.0
200.0
200.0
200.0
200.0
200.0
200.0
200.0
200.0
200.0
200.0
200.0
200.0
200.0
200.0
200.0
200.0
200.0
200.0
200.0
200.0
200.0
200.0
200.0
200.0
200.0
200.0
200.0
200.0
200.0
200.0
200.0
200.0
200.0
200.0
200.0
200.0
200.0
200.0
200.0
200.0
200.0
200.0
200.0
200.0
200.0
200.0
200.0
200.0
200.0
200.0
200.0
200.0
200.0
200.0
200.0
200.0
200.0
200.0
200.0
200.0
200.0
200.0
200.0
200.0
200.0
200.0
200.0
200.0
200.0
200.0
200.0
200.0
200.0
200.0
200.0
200.0
200.0
200.0
200.0
200.0
200.0
200.0
200.0
200.0
200.0
200.0
200.0
200.0
200.0
200.0
200.0
200.0
200.0
200.0
200.0
200.0
200.0
200.0
200.0
200.0
200.0
200.0
200.0
200.0
200.0
200.0
200.0
200.0
200.0
200.0
200.0
200.0
200.0
200.0
200.0
200.0
200.0
200.0
200.0
200.0
200.0
200.0
200.0
200.0
200.0
200.0
200.0
200.0
200.0
200.0
200.0
200.0
200.0
200.0
200.0
200.0
200.0
200.0
200.0
200.0
200.0
200.0
200.0
200.0
200.0
200.0
200.0
200.0
200.0
200.0
200.0
200.0
200.0
200.0
200.0
200.0
200.0
200.0
200.0
200.0
200.0
200.0
200.0
200.0
200.0
200.0
200.0
200.0
200.0
200.0
200.0
200.0
200.0
200.0
200.0
200.0
200.0
200.0
200.0
200.0
200.0
200.0
200.0
200.0
200.0
200.0
200.0
200.0
200.0
200.0
200.0
200.0
200.0
200.0
200.0
200.0
200.0
200.0
200.0
200.0
200.0
200.0
200.0
200.0
200.0
200.0
200.0
200.0
200.0
200.0
200.0
200.0
200.0
200.0
200.0
200.0
200.0
200.0
200.0
200.0
200.0
200.0
200.0
200.0
200.0
200.0
200.0
200.0
200.0
200.0
200.0
200.0
200.0
200.0
200.0
200.0
200.0
200.0
200.0
200.0
200.0
200.0
200.0
200.0
200.0
200.0
200.0
200.0
200.0
200.0
200.0
200.0
200.0
200.0
200.0
200.0
200.0
200.0
200.0
200.0
200.0
200.0
200.0
200.0
200.0
200.0
200.0
200.0
200.0
200.0
200.0
200.0
200.0
200.0
200.0
200.0
200.0
200.0
200.0
200.0
200.0
200.0
200.0
200.0
200.0
200.0
200.0
200.0
200.0
200.0
200.0
200.0
200.0
200.0
200.0
200.0
200.0
200.0
200.0
200.0
200.0
200.0
200.0
200.0
200.0
200.0
200.0
200.0
200.0
200.0
200.0
200.0
200.0
200.0
200.0
200.0
200.0
200.0
200.0
200.0
200.0
200.0
200.0
200.0
200.0
200.0
200.0
200.0
200.0
200.0
200.0
200.0
200.0
200.0
200.0
200.0
200.0
200.0
200.0
200.0
200.0
200.0
200.0
200.0
200.0
200.0
200.0
200.0
200.0
200.0
200.0
200.0
200.0
200.0
200.0
200.0
200.0
200.0
200.0
200.0
200.0
200.0
200.0
200.0
200.0
200.0
200.0
200.0
200.0
200.0
200.0
200.0
200.0
200.0
200.0
200.0
200.0
200.0
200.0
200.0
200.0
200.0
200.0
200.0
200.0
200.0
200.0
200.0
200.0
200.0
200.0
200.0
200.0
200.0
200.0
200.0
200.0
200.0
200.0
200.0
200.0
200.0
200.0
200.0
200.0
200.0
200.0
200.0
200.0
200.0
200.0
200.0
200.0
200.0
200.0
200.0
200.0
200.0
200.0
200.0
200.0
200.0
200.0
200.0
200.0
200.0
200.0
200.0
200.0
200.0
200.0
200.0
200.0
200.0
200.0
200.0
200.0
200.0
200.0
200.0
200.0
200.0
200.0
200.0
200.0
200.0
200.0
200.0
200.0
200.0
200.0
200.0
200.0
200.0
200.0
200.0
200.0
200.0
200.0
200.0
200.0
200.0
200.0
200.0
200.0
200.0
200.0
200.0
200.0
200.0
200.0
200.0
200.0
200.0
200.0
200.0
200.0
200.0
200.0
200.0
200.0
200.0
200.0
200.0
200.0
200.0
200.0
200.0
200.0
200.0
200.0
200.0
200.0
200.0
200.0
200.0
200.0
200.0
200.0
200.0
200.0
200.0
200.0
200.0
200.0
200.0
200.0
200.0
200.0
200.0
200.0
200.0
200.0
200.0
200.0
200.0
200.0
200.0
200.0
200.0
200.0
200.0
200.0
200.0
200.0
200.0
200.0
200.0
200.0
200.0
200.0
200.0
200.0
200.0
200.0
