21.0
14.0
14.0
54.0
19.0
17.0
26.0
20.0
16.0
11.0
11.0
15.0
13.0
17.0
20.0
11.0
25.0
11.0
25.0
15.0
12.0
16.0
12.0
13.0
16.0
25.0
41.0
20.0
18.0
50.0
18.0
11.0
10.0
65.0
34.0
59.0
29.0
10.0
29.0
86.0
28.0
42.0
17.0
31.0
40.0
18.0
32.0
26.0
10.0
11.0
41.0
16.0
24.0
27.0
21.0
16.0
18.0
13.0
16.0
30.0
27.0
40.0
10.0
14.0
19.0
26.0
23.0
21.0
20.0
16.0
15.0
9.0
21.0
23.0
13.0
11.0
28.0
15.0
10.0
43.0
34.0
20.0
20.0
11.0
17.0
11.0
10.0
12.0
26.0
22.0
13.0
9.0
22.0
16.0
29.0
18.0
15.0
20.0
10.0
12.0
20.0
24.0
16.0
12.0
18.0
10.0
14.0
18.0
12.0
12.0
29.0
13.0
59.0
14.0
20.0
52.0
11.0
22.0
12.0
17.0
14.0
17.0
15.0
12.0
10.0
19.0
13.0
10.0
13.0
31.0
22.0
13.0
35.0
26.0
12.0
15.0
17.0
11.0
29.0
21.0
18.0
12.0
15.0
11.0
25.0
15.0
21.0
30.0
15.0
32.0
18.0
12.0
15.0
18.0
25.0
13.0
13.0
8.0
19.0
16.0
24.0
24.0
32.0
28.0
11.0
15.0
18.0
28.0
25.0
27.0
13.0
18.0
13.0
11.0
18.0
57.0
12.0
17.0
16.0
14.0
10.0
13.0
27.0
18.0
10.0
17.0
19.0
29.0
12.0
17.0
11.0
17.0
11.0
15.0
14.0
11.0
15.0
26.0
24.0
14.0
12.0
29.0
62.0
60.0
59.0
14.0
9.0
21.0
12.0
16.0
19.0
48.0
25.0
11.0
12.0
66.0
15.0
16.0
35.0
15.0
18.0
11.0
19.0
24.0
30.0
92.0
29.0
14.0
14.0
21.0
12.0
20.0
14.0
20.0
20.0
15.0
20.0
37.0
50.0
30.0
51.0
37.0
33.0
27.0
36.0
30.0
73.0
38.0
23.0
31.0
46.0
36.0
52.0
42.0
29.0
29.0
22.0
31.0
41.0
29.0
13.0
23.0
24.0
22.0
51.0
29.0
42.0
35.0
90.0
24.0
42.0
48.0
37.0
31.0
21.0
41.0
35.0
36.0
30.0
57.0
43.0
71.0
25.0
43.0
41.0
35.0
47.0
61.0
54.0
25.0
36.0
44.0
78.0
33.0
89.0
69.0
79.0
70.0
80.0
92.0
42.0
36.0
64.0
53.0
43.0
56.0
61.0
59.0
37.0
117.0
63.0
151.0
55.0
170.0
85.0
111.0
75.0
101.0
99.0
90.0
120.0
125.0
109.0
138.0
91.0
101.0
183.0
133.0
200.0
171.0
172.0
124.0
194.0
155.0
81.0
108.0
116.0
96.0
107.0
100.0
80.0
120.0
108.0
101.0
85.0
73.0
77.0
135.0
98.0
100.0
89.0
109.0
88.0
74.0
65.0
77.0
103.0
87.0
97.0
81.0
85.0
87.0
73.0
75.0
107.0
88.0
103.0
127.0
113.0
122.0
146.0
120.0
138.0
98.0
90.0
103.0
123.0
107.0
106.0
116.0
110.0
84.0
128.0
105.0
144.0
124.0
121.0
115.0
100.0
132.0
102.0
127.0
104.0
94.0
110.0
146.0
116.0
110.0
120.0
112.0
135.0
163.0
155.0
152.0
123.0
155.0
94.0
97.0
112.0
96.0
119.0
101.0
99.0
92.0
111.0
118.0
139.0
101.0
125.0
186.0
119.0
141.0
123.0
200.0
185.0
125.0
127.0
156.0
154.0
123.0
113.0
145.0
200.0
125.0
163.0
133.0
143.0
138.0
136.0
158.0
162.0
146.0
138.0
183.0
113.0
127.0
134.0
133.0
164.0
163.0
131.0
102.0
123.0
109.0
123.0
102.0
120.0
156.0
113.0
134.0
173.0
144.0
138.0
165.0
135.0
169.0
194.0
142.0
163.0
168.0
200.0
140.0
200.0
200.0
200.0
200.0
200.0
200.0
200.0
200.0
173.0
200.0
200.0
200.0
151.0
175.0
200.0
199.0
185.0
200.0
200.0
200.0
200.0
200.0
200.0
200.0
200.0
172.0
200.0
200.0
200.0
200.0
200.0
200.0
198.0
200.0
152.0
200.0
200.0
200.0
200.0
185.0
200.0
200.0
200.0
200.0
200.0
144.0
200.0
200.0
200.0
200.0
200.0
200.0
200.0
200.0
200.0
200.0
190.0
154.0
200.0
200.0
200.0
195.0
200.0
152.0
200.0
200.0
200.0
200.0
200.0
200.0
137.0
159.0
142.0
200.0
167.0
200.0
200.0
164.0
200.0
200.0
200.0
200.0
200.0
200.0
200.0
161.0
200.0
200.0
200.0
200.0
200.0
193.0
200.0
200.0
200.0
200.0
200.0
200.0
200.0
200.0
200.0
200.0
200.0
200.0
200.0
200.0
200.0
200.0
179.0
200.0
196.0
200.0
154.0
200.0
200.0
180.0
200.0
200.0
200.0
170.0
200.0
195.0
200.0
200.0
200.0
200.0
200.0
200.0
193.0
200.0
200.0
173.0
182.0
170.0
161.0
173.0
200.0
169.0
200.0
200.0
141.0
200.0
200.0
200.0
200.0
200.0
198.0
200.0
200.0
200.0
200.0
200.0
200.0
200.0
200.0
200.0
130.0
177.0
200.0
200.0
200.0
200.0
200.0
200.0
200.0
200.0
200.0
136.0
200.0
200.0
200.0
200.0
200.0
200.0
200.0
186.0
200.0
200.0
200.0
200.0
200.0
144.0
200.0
200.0
200.0
200.0
193.0
200.0
200.0
200.0
200.0
200.0
200.0
200.0
200.0
200.0
200.0
200.0
200.0
200.0
166.0
200.0
200.0
200.0
200.0
200.0
191.0
200.0
200.0
199.0
200.0
200.0
185.0
192.0
199.0
197.0
183.0
177.0
200.0
191.0
200.0
200.0
200.0
196.0
176.0
200.0
200.0
191.0
200.0
177.0
200.0
197.0
187.0
200.0
200.0
200.0
200.0
200.0
200.0
198.0
200.0
200.0
200.0
200.0
200.0
200.0
200.0
200.0
200.0
192.0
200.0
200.0
200.0
200.0
200.0
200.0
200.0
168.0
200.0
200.0
200.0
186.0
196.0
200.0
200.0
200.0
200.0
200.0
200.0
200.0
200.0
200.0
200.0
200.0
174.0
200.0
185.0
192.0
185.0
200.0
190.0
200.0
180.0
200.0
200.0
200.0
200.0
200.0
200.0
200.0
200.0
200.0
200.0
193.0
200.0
190.0
200.0
182.0
200.0
200.0
200.0
200.0
200.0
200.0
200.0
200.0
200.0
200.0
200.0
188.0
200.0
199.0
200.0
200.0
200.0
200.0
200.0
200.0
200.0
200.0
200.0
200.0
200.0
180.0
176.0
174.0
173.0
163.0
160.0
200.0
183.0
200.0
200.0
200.0
200.0
200.0
200.0
200.0
200.0
200.0
200.0
200.0
200.0
200.0
200.0
200.0
200.0
200.0
200.0
200.0
200.0
200.0
200.0
200.0
200.0
200.0
200.0
200.0
200.0
200.0
200.0
200.0
200.0
200.0
200.0
200.0
200.0
200.0
200.0
200.0
200.0
200.0
200.0
200.0
200.0
200.0
200.0
200.0
200.0
200.0
200.0
200.0
200.0
200.0
200.0
200.0
200.0
200.0
200.0
200.0
200.0
200.0
200.0
200.0
200.0
200.0
200.0
200.0
200.0
200.0
200.0
200.0
200.0
200.0
200.0
200.0
200.0
200.0
200.0
200.0
200.0
200.0
200.0
200.0
200.0
200.0
200.0
200.0
200.0
200.0
200.0
200.0
200.0
200.0
200.0
200.0
200.0
200.0
200.0
200.0
200.0
200.0
200.0
200.0
200.0
200.0
200.0
200.0
200.0
200.0
200.0
200.0
200.0
200.0
200.0
200.0
200.0
200.0
200.0
200.0
200.0
200.0
200.0
200.0
200.0
200.0
200.0
200.0
200.0
200.0
200.0
200.0
200.0
200.0
200.0
200.0
200.0
200.0
200.0
200.0
200.0
200.0
200.0
200.0
200.0
200.0
200.0
200.0
200.0
200.0
200.0
200.0
200.0
200.0
200.0
200.0
200.0
200.0
200.0
200.0
200.0
200.0
200.0
200.0
200.0
200.0
200.0
200.0
200.0
200.0
200.0
200.0
200.0
200.0
200.0
200.0
200.0
200.0
200.0
200.0
200.0
200.0
200.0
200.0
200.0
200.0
200.0
200.0
200.0
200.0
200.0
200.0
200.0
200.0
200.0
200.0
200.0
200.0
200.0
200.0
200.0
200.0
200.0
200.0
200.0
200.0
200.0
200.0
200.0
200.0
200.0
200.0
200.0
200.0
200.0
200.0
200.0
200.0
200.0
200.0
200.0
200.0
200.0
200.0
200.0
200.0
200.0
200.0
200.0
200.0
200.0
200.0
200.0
200.0
200.0
200.0
200.0
200.0
200.0
200.0
200.0
200.0
200.0
200.0
200.0
200.0
200.0
200.0
200.0
200.0
200.0
200.0
200.0
200.0
200.0
200.0
200.0
200.0
200.0
200.0
200.0
200.0
200.0
200.0
200.0
200.0
200.0
200.0
200.0
200.0
200.0
200.0
200.0
200.0
200.0
200.0
200.0
200.0
200.0
200.0
200.0
200.0
200.0
200.0
200.0
200.0
200.0
200.0
200.0
200.0
200.0
200.0
200.0
200.0
200.0
200.0
200.0
200.0
200.0
200.0
200.0
200.0
200.0
200.0
200.0
200.0
200.0
200.0
200.0
200.0
200.0
200.0
200.0
200.0
200.0
200.0
200.0
200.0
200.0
200.0
200.0
200.0
200.0
200.0
200.0
200.0
200.0
200.0
200.0
200.0
200.0
200.0
200.0
200.0
200.0
200.0
200.0
200.0
200.0
200.0
200.0
200.0
200.0
200.0
200.0
200.0
200.0
200.0
200.0
200.0
200.0
200.0
200.0
200.0
200.0
200.0
200.0
200.0
200.0
200.0
200.0
200.0
200.0
200.0
200.0
200.0
200.0
200.0
200.0
200.0
200.0
200.0
200.0
200.0
200.0
200.0
200.0
200.0
200.0
200.0
200.0
200.0
200.0
200.0
200.0
200.0
200.0
200.0
200.0
200.0
200.0
200.0
200.0
200.0
200.0
200.0
200.0
200.0
200.0
200.0
200.0
200.0
200.0
200.0
200.0
200.0
200.0
200.0
200.0
200.0
200.0
200.0
200.0
200.0
200.0
200.0
200.0
200.0
200.0
200.0
200.0
200.0
200.0
200.0
200.0
200.0
200.0
200.0
200.0
200.0
200.0
200.0
200.0
200.0
200.0
200.0
200.0
200.0
200.0
200.0
200.0
200.0
200.0
200.0
200.0
200.0
200.0
200.0
200.0
200.0
200.0
200.0
200.0
200.0
200.0
200.0
200.0
200.0
200.0
200.0
200.0
200.0
200.0
200.0
200.0
200.0
200.0
200.0
200.0
200.0
200.0
200.0
200.0
200.0
200.0
200.0
200.0
200.0
200.0
200.0
200.0
200.0
200.0
200.0
200.0
200.0
200.0
200.0
200.0
200.0
200.0
200.0
200.0
200.0
200.0
200.0
200.0
200.0
200.0
200.0
200.0
200.0
200.0
200.0
200.0
200.0
200.0
200.0
200.0
200.0
200.0
200.0
200.0
200.0
200.0
200.0
200.0
200.0
200.0
200.0
200.0
200.0
200.0
200.0
200.0
200.0
200.0
200.0
200.0
200.0
200.0
200.0
200.0
200.0
200.0
200.0
200.0
200.0
200.0
200.0
200.0
200.0
200.0
200.0
200.0
200.0
200.0
200.0
200.0
200.0
200.0
200.0
200.0
200.0
200.0
200.0
200.0
200.0
200.0
200.0
200.0
200.0
200.0
200.0
200.0
200.0
200.0
200.0
200.0
200.0
200.0
200.0
200.0
200.0
200.0
200.0
200.0
200.0
200.0
200.0
200.0
200.0
200.0
200.0
200.0
200.0
200.0
200.0
200.0
200.0
200.0
200.0
200.0
200.0
200.0
200.0
200.0
200.0
200.0
200.0
200.0
200.0
200.0
200.0
200.0
200.0
200.0
200.0
200.0
200.0
200.0
200.0
200.0
200.0
200.0
200.0
200.0
200.0
200.0
200.0
200.0
200.0
200.0
200.0
200.0
200.0
200.0
200.0
200.0
200.0
200.0
200.0
200.0
200.0
200.0
200.0
200.0
200.0
200.0
200.0
200.0
200.0
200.0
200.0
200.0
200.0
200.0
200.0
200.0
200.0
200.0
200.0
200.0
200.0
200.0
200.0
200.0
200.0
200.0
200.0
200.0
200.0
200.0
200.0
200.0
200.0
200.0
200.0
200.0
200.0
200.0
200.0
200.0
200.0
200.0
200.0
200.0
200.0
200.0
200.0
200.0
200.0
200.0
200.0
200.0
200.0
200.0
200.0
200.0
200.0
200.0
200.0
200.0
200.0
200.0
200.0
200.0
200.0
200.0
200.0
200.0
200.0
200.0
200.0
200.0
200.0
200.0
200.0
200.0
200.0
200.0
200.0
200.0
200.0
200.0
200.0
200.0
200.0
200.0
200.0
200.0
200.0
200.0
200.0
200.0
200.0
200.0
200.0
200.0
200.0
200.0
200.0
200.0
200.0
200.0
200.0
200.0
200.0
200.0
200.0
200.0
200.0
200.0
200.0
200.0
200.0
200.0
200.0
200.0
200.0
200.0
200.0
200.0
200.0
200.0
200.0
200.0
200.0
200.0
200.0
200.0
200.0
200.0
200.0
200.0
200.0
200.0
200.0
200.0
200.0
200.0
200.0
200.0
200.0
200.0
200.0
200.0
200.0
200.0
200.0
200.0
200.0
200.0
200.0
200.0
200.0
200.0
200.0
200.0
200.0
200.0
200.0
200.0
200.0
200.0
200.0
200.0
200.0
200.0
200.0
200.0
200.0
200.0
200.0
200.0
200.0
200.0
200.0
200.0
200.0
200.0
200.0
200.0
200.0
200.0
200.0
200.0
200.0
200.0
200.0
200.0
200.0
200.0
200.0
200.0
200.0
200.0
200.0
200.0
200.0
200.0
200.0
200.0
200.0
200.0
200.0
200.0
200.0
200.0
200.0
200.0
200.0
200.0
200.0
200.0
200.0
200.0
200.0
200.0
200.0
200.0
200.0
200.0
200.0
200.0
200.0
200.0
200.0
200.0
200.0
200.0
200.0
200.0
200.0
200.0
200.0
200.0
200.0
200.0
200.0
200.0
200.0
200.0
200.0
200.0
200.0
200.0
200.0
200.0
200.0
200.0
200.0
200.0
200.0
200.0
200.0
200.0
200.0
200.0
200.0
200.0
200.0
200.0
200.0
200.0
200.0
200.0
200.0
200.0
200.0
200.0
200.0
200.0
200.0
200.0
200.0
200.0
200.0
200.0
200.0
200.0
200.0
200.0
200.0
200.0
200.0
200.0
200.0
200.0
200.0
200.0
200.0
200.0
200.0
200.0
200.0
200.0
200.0
200.0
200.0
200.0
200.0
200.0
200.0
200.0
200.0
200.0
200.0
200.0
200.0
200.0
200.0
200.0
200.0
200.0
200.0
200.0
200.0
200.0
200.0
200.0
200.0
200.0
200.0
200.0
200.0
200.0
200.0
200.0
200.0
200.0
200.0
200.0
200.0
200.0
200.0
200.0
200.0
200.0
200.0
200.0
200.0
200.0
200.0
200.0
200.0
200.0
200.0
200.0
200.0
200.0
200.0
200.0
200.0
200.0
200.0
200.0
200.0
200.0
200.0
200.0
200.0
200.0
200.0
200.0
200.0
200.0
200.0
200.0
200.0
200.0
200.0
200.0
200.0
200.0
200.0
200.0
200.0
200.0
200.0
200.0
200.0
200.0
200.0
200.0
200.0
200.0
200.0
200.0
200.0
200.0
200.0
200.0
200.0
200.0
200.0
200.0
200.0
200.0
200.0
200.0
200.0
200.0
200.0
200.0
200.0
200.0
200.0
200.0
200.0
200.0
200.0
200.0
200.0
200.0
200.0
200.0
200.0
200.0
200.0
200.0
200.0
200.0
200.0
200.0
200.0
200.0
200.0
200.0
200.0
200.0
200.0
200.0
200.0
200.0
200.0
200.0
200.0
200.0
200.0
200.0
200.0
200.0
200.0
200.0
200.0
200.0
200.0
200.0
200.0
200.0
200.0
200.0
200.0
200.0
200.0
200.0
200.0
200.0
200.0
200.0
200.0
200.0
200.0
200.0
200.0
200.0
200.0
200.0
200.0
200.0
200.0
200.0
200.0
200.0
200.0
200.0
200.0
200.0
200.0
200.0
200.0
200.0
200.0
200.0
200.0
200.0
200.0
200.0
200.0
200.0
200.0
200.0
200.0
200.0
200.0
200.0
200.0
200.0
200.0
200.0
200.0
200.0
200.0
200.0
200.0
200.0
200.0
200.0
200.0
200.0
200.0
200.0
200.0
200.0
200.0
200.0
200.0
200.0
200.0
200.0
200.0
200.0
200.0
200.0
200.0
200.0
200.0
200.0
200.0
200.0
200.0
200.0
200.0
200.0
200.0
200.0
200.0
200.0
200.0
200.0
200.0
200.0
200.0
200.0
200.0
200.0
200.0
200.0
200.0
200.0
200.0
200.0
200.0
200.0
200.0
200.0
200.0
200.0
200.0
200.0
200.0
200.0
200.0
200.0
200.0
200.0
200.0
