54.0
21.0
12.0
13.0
9.0
34.0
19.0
15.0
31.0
43.0
9.0
25.0
30.0
14.0
10.0
15.0
10.0
26.0
14.0
30.0
12.0
25.0
17.0
14.0
17.0
31.0
25.0
21.0
28.0
39.0
20.0
17.0
39.0
11.0
15.0
19.0
16.0
14.0
37.0
14.0
14.0
9.0
10.0
21.0
22.0
19.0
24.0
31.0
31.0
13.0
18.0
11.0
14.0
18.0
40.0
16.0
15.0
12.0
22.0
34.0
17.0
14.0
25.0
40.0
17.0
25.0
17.0
9.0
15.0
59.0
15.0
19.0
9.0
18.0
18.0
11.0
22.0
42.0
12.0
9.0
15.0
11.0
19.0
12.0
49.0
25.0
14.0
19.0
20.0
11.0
14.0
19.0
12.0
15.0
31.0
18.0
13.0
20.0
23.0
16.0
40.0
25.0
12.0
10.0
31.0
13.0
11.0
17.0
18.0
20.0
13.0
32.0
24.0
16.0
13.0
12.0
20.0
22.0
17.0
14.0
13.0
16.0
22.0
17.0
18.0
13.0
25.0
22.0
17.0
19.0
20.0
28.0
30.0
11.0
18.0
36.0
11.0
15.0
41.0
13.0
22.0
27.0
17.0
24.0
12.0
12.0
25.0
19.0
20.0
14.0
20.0
12.0
29.0
32.0
23.0
61.0
11.0
17.0
14.0
27.0
14.0
19.0
13.0
17.0
23.0
12.0
21.0
50.0
10.0
23.0
15.0
9.0
11.0
13.0
13.0
19.0
21.0
10.0
13.0
17.0
13.0
11.0
30.0
35.0
23.0
15.0
15.0
14.0
45.0
18.0
10.0
15.0
17.0
12.0
13.0
12.0
11.0
15.0
11.0
24.0
25.0
12.0
60.0
18.0
26.0
14.0
18.0
28.0
44.0
14.0
27.0
29.0
26.0
21.0
20.0
138.0
17.0
25.0
24.0
12.0
16.0
18.0
30.0
17.0
44.0
14.0
23.0
20.0
15.0
22.0
17.0
15.0
13.0
18.0
23.0
14.0
12.0
12.0
16.0
12.0
17.0
20.0
18.0
36.0
31.0
37.0
39.0
13.0
12.0
22.0
25.0
36.0
34.0
26.0
33.0
42.0
31.0
26.0
30.0
22.0
40.0
52.0
26.0
18.0
17.0
33.0
31.0
34.0
31.0
22.0
29.0
20.0
20.0
18.0
32.0
20.0
19.0
80.0
48.0
34.0
33.0
31.0
53.0
41.0
39.0
28.0
37.0
54.0
50.0
33.0
24.0
26.0
22.0
41.0
31.0
31.0
35.0
66.0
42.0
37.0
59.0
25.0
26.0
21.0
19.0
30.0
48.0
37.0
41.0
46.0
60.0
73.0
84.0
45.0
59.0
63.0
38.0
35.0
26.0
32.0
111.0
84.0
33.0
43.0
29.0
64.0
163.0
36.0
56.0
77.0
26.0
66.0
41.0
123.0
102.0
81.0
43.0
36.0
67.0
63.0
69.0
78.0
58.0
167.0
100.0
48.0
69.0
73.0
67.0
91.0
55.0
103.0
103.0
99.0
200.0
126.0
123.0
102.0
95.0
161.0
142.0
144.0
111.0
97.0
104.0
200.0
155.0
94.0
200.0
166.0
134.0
155.0
166.0
152.0
200.0
161.0
200.0
200.0
200.0
109.0
121.0
149.0
128.0
123.0
127.0
125.0
135.0
138.0
132.0
200.0
179.0
136.0
131.0
149.0
121.0
168.0
161.0
195.0
135.0
166.0
149.0
142.0
152.0
179.0
157.0
125.0
162.0
143.0
143.0
185.0
179.0
176.0
160.0
161.0
163.0
157.0
164.0
198.0
162.0
149.0
157.0
168.0
141.0
180.0
163.0
200.0
196.0
200.0
162.0
200.0
180.0
165.0
188.0
180.0
162.0
153.0
158.0
194.0
200.0
198.0
177.0
200.0
178.0
200.0
200.0
189.0
196.0
160.0
200.0
164.0
169.0
177.0
172.0
200.0
188.0
200.0
200.0
200.0
200.0
200.0
196.0
200.0
200.0
181.0
179.0
200.0
200.0
200.0
200.0
200.0
200.0
200.0
200.0
200.0
200.0
200.0
200.0
200.0
200.0
200.0
200.0
200.0
200.0
200.0
200.0
200.0
200.0
200.0
200.0
200.0
200.0
200.0
200.0
200.0
200.0
172.0
200.0
200.0
173.0
180.0
185.0
200.0
196.0
164.0
196.0
177.0
185.0
181.0
187.0
200.0
186.0
187.0
184.0
200.0
192.0
184.0
161.0
193.0
200.0
169.0
172.0
177.0
189.0
200.0
200.0
200.0
193.0
200.0
150.0
176.0
144.0
160.0
188.0
160.0
185.0
175.0
200.0
187.0
200.0
169.0
199.0
149.0
155.0
166.0
150.0
162.0
145.0
166.0
160.0
166.0
150.0
168.0
145.0
169.0
169.0
181.0
200.0
149.0
171.0
157.0
135.0
140.0
176.0
152.0
180.0
154.0
152.0
141.0
155.0
148.0
156.0
172.0
156.0
151.0
147.0
156.0
137.0
156.0
157.0
135.0
133.0
161.0
147.0
150.0
148.0
155.0
166.0
200.0
170.0
160.0
199.0
166.0
157.0
149.0
139.0
145.0
162.0
153.0
179.0
200.0
181.0
196.0
186.0
178.0
200.0
200.0
168.0
200.0
176.0
150.0
200.0
150.0
188.0
163.0
144.0
137.0
142.0
178.0
176.0
152.0
187.0
158.0
146.0
178.0
152.0
200.0
156.0
145.0
190.0
161.0
157.0
145.0
169.0
195.0
182.0
180.0
163.0
200.0
160.0
180.0
176.0
176.0
155.0
183.0
152.0
191.0
177.0
178.0
194.0
159.0
174.0
160.0
159.0
189.0
154.0
169.0
172.0
199.0
169.0
176.0
184.0
173.0
193.0
200.0
200.0
183.0
174.0
192.0
176.0
200.0
183.0
200.0
200.0
200.0
200.0
200.0
200.0
168.0
170.0
193.0
166.0
173.0
179.0
180.0
165.0
190.0
175.0
184.0
164.0
200.0
200.0
200.0
200.0
181.0
191.0
200.0
176.0
193.0
170.0
185.0
200.0
200.0
181.0
191.0
200.0
157.0
168.0
179.0
172.0
193.0
200.0
200.0
181.0
183.0
188.0
168.0
200.0
200.0
200.0
189.0
191.0
195.0
193.0
189.0
189.0
200.0
194.0
186.0
200.0
200.0
186.0
200.0
200.0
200.0
200.0
200.0
200.0
200.0
200.0
200.0
200.0
200.0
200.0
200.0
198.0
200.0
171.0
200.0
179.0
195.0
186.0
193.0
200.0
200.0
200.0
200.0
179.0
200.0
200.0
200.0
200.0
200.0
186.0
200.0
200.0
200.0
200.0
200.0
200.0
200.0
200.0
200.0
200.0
200.0
200.0
200.0
200.0
200.0
200.0
200.0
200.0
200.0
200.0
200.0
200.0
200.0
200.0
200.0
200.0
200.0
200.0
200.0
200.0
200.0
200.0
200.0
200.0
200.0
200.0
200.0
200.0
200.0
200.0
200.0
200.0
200.0
200.0
200.0
200.0
200.0
200.0
200.0
200.0
200.0
200.0
200.0
200.0
200.0
200.0
200.0
200.0
200.0
200.0
200.0
200.0
200.0
200.0
200.0
200.0
200.0
200.0
200.0
200.0
200.0
200.0
200.0
200.0
200.0
200.0
200.0
200.0
200.0
200.0
200.0
200.0
200.0
200.0
196.0
200.0
200.0
194.0
192.0
200.0
200.0
187.0
200.0
200.0
200.0
200.0
200.0
200.0
200.0
200.0
200.0
194.0
187.0
187.0
200.0
200.0
200.0
200.0
200.0
200.0
200.0
200.0
200.0
200.0
200.0
200.0
200.0
200.0
200.0
200.0
200.0
200.0
200.0
200.0
200.0
200.0
200.0
200.0
200.0
200.0
200.0
200.0
200.0
200.0
200.0
200.0
200.0
200.0
200.0
200.0
200.0
200.0
200.0
200.0
200.0
200.0
200.0
200.0
200.0
200.0
200.0
200.0
200.0
200.0
200.0
200.0
200.0
200.0
200.0
200.0
200.0
200.0
200.0
200.0
200.0
200.0
200.0
200.0
200.0
200.0
200.0
200.0
200.0
200.0
200.0
200.0
200.0
200.0
200.0
200.0
200.0
200.0
200.0
200.0
200.0
200.0
200.0
200.0
200.0
200.0
200.0
200.0
200.0
200.0
200.0
200.0
200.0
200.0
200.0
200.0
200.0
200.0
200.0
200.0
200.0
200.0
200.0
200.0
200.0
200.0
200.0
200.0
200.0
200.0
200.0
200.0
200.0
200.0
200.0
200.0
200.0
200.0
200.0
200.0
200.0
200.0
200.0
200.0
200.0
200.0
200.0
200.0
200.0
200.0
200.0
200.0
200.0
200.0
200.0
200.0
200.0
200.0
200.0
200.0
200.0
200.0
200.0
200.0
200.0
200.0
200.0
200.0
200.0
200.0
200.0
200.0
200.0
200.0
200.0
200.0
200.0
200.0
200.0
200.0
200.0
200.0
200.0
200.0
200.0
200.0
200.0
200.0
200.0
200.0
200.0
200.0
200.0
200.0
200.0
200.0
200.0
200.0
200.0
200.0
200.0
200.0
200.0
200.0
200.0
200.0
200.0
200.0
200.0
200.0
200.0
200.0
200.0
200.0
200.0
200.0
200.0
200.0
200.0
200.0
200.0
200.0
200.0
200.0
200.0
200.0
200.0
200.0
200.0
200.0
200.0
200.0
200.0
200.0
200.0
200.0
200.0
200.0
200.0
200.0
200.0
200.0
200.0
200.0
200.0
200.0
200.0
200.0
200.0
200.0
200.0
200.0
200.0
200.0
200.0
200.0
200.0
200.0
200.0
200.0
200.0
200.0
200.0
200.0
200.0
200.0
200.0
200.0
200.0
200.0
200.0
200.0
200.0
200.0
200.0
200.0
200.0
200.0
200.0
200.0
200.0
200.0
200.0
200.0
200.0
200.0
200.0
200.0
200.0
200.0
200.0
200.0
200.0
200.0
200.0
200.0
200.0
200.0
200.0
200.0
200.0
200.0
200.0
200.0
200.0
200.0
200.0
200.0
200.0
200.0
200.0
200.0
200.0
200.0
200.0
200.0
200.0
200.0
200.0
200.0
200.0
200.0
200.0
200.0
200.0
200.0
200.0
200.0
200.0
200.0
200.0
200.0
200.0
200.0
200.0
200.0
200.0
200.0
200.0
200.0
200.0
200.0
200.0
200.0
200.0
200.0
200.0
200.0
200.0
200.0
200.0
200.0
200.0
200.0
200.0
200.0
200.0
200.0
200.0
200.0
200.0
200.0
200.0
200.0
200.0
200.0
200.0
200.0
200.0
200.0
200.0
200.0
200.0
200.0
200.0
200.0
200.0
200.0
200.0
200.0
200.0
200.0
200.0
200.0
200.0
200.0
200.0
200.0
200.0
200.0
200.0
200.0
200.0
200.0
200.0
200.0
200.0
200.0
200.0
200.0
200.0
200.0
200.0
200.0
200.0
200.0
200.0
200.0
200.0
200.0
200.0
200.0
200.0
200.0
200.0
200.0
200.0
200.0
200.0
200.0
200.0
200.0
200.0
200.0
200.0
200.0
200.0
200.0
200.0
200.0
200.0
200.0
200.0
200.0
200.0
200.0
200.0
200.0
200.0
200.0
200.0
200.0
200.0
200.0
200.0
200.0
200.0
200.0
200.0
200.0
200.0
200.0
200.0
200.0
200.0
200.0
200.0
200.0
200.0
200.0
200.0
200.0
200.0
200.0
200.0
200.0
200.0
200.0
200.0
200.0
200.0
200.0
200.0
200.0
200.0
200.0
200.0
200.0
200.0
200.0
200.0
200.0
200.0
200.0
200.0
200.0
200.0
200.0
200.0
200.0
200.0
200.0
200.0
200.0
200.0
200.0
200.0
200.0
200.0
200.0
200.0
200.0
200.0
200.0
200.0
200.0
200.0
200.0
200.0
200.0
200.0
200.0
200.0
200.0
200.0
200.0
200.0
200.0
200.0
200.0
200.0
200.0
200.0
200.0
200.0
200.0
200.0
200.0
200.0
200.0
200.0
200.0
200.0
200.0
200.0
200.0
200.0
200.0
200.0
200.0
200.0
200.0
200.0
200.0
200.0
200.0
200.0
200.0
200.0
200.0
200.0
200.0
200.0
200.0
200.0
200.0
200.0
200.0
200.0
200.0
200.0
200.0
200.0
200.0
200.0
200.0
200.0
200.0
200.0
200.0
200.0
200.0
200.0
200.0
200.0
200.0
200.0
200.0
200.0
200.0
200.0
200.0
200.0
200.0
200.0
200.0
200.0
200.0
200.0
200.0
200.0
200.0
200.0
200.0
200.0
200.0
200.0
200.0
200.0
200.0
200.0
200.0
200.0
200.0
200.0
200.0
200.0
200.0
200.0
200.0
200.0
200.0
200.0
200.0
200.0
200.0
200.0
200.0
200.0
200.0
200.0
200.0
200.0
200.0
200.0
200.0
200.0
200.0
200.0
200.0
200.0
200.0
200.0
200.0
200.0
200.0
200.0
200.0
200.0
200.0
200.0
200.0
200.0
200.0
200.0
200.0
200.0
200.0
200.0
200.0
200.0
200.0
200.0
200.0
200.0
200.0
200.0
200.0
200.0
200.0
200.0
200.0
200.0
200.0
200.0
200.0
200.0
200.0
200.0
200.0
200.0
200.0
200.0
200.0
200.0
200.0
200.0
200.0
200.0
200.0
200.0
200.0
200.0
200.0
200.0
200.0
200.0
200.0
200.0
200.0
200.0
200.0
200.0
200.0
200.0
200.0
200.0
200.0
200.0
200.0
200.0
200.0
200.0
200.0
200.0
200.0
200.0
200.0
200.0
200.0
200.0
200.0
200.0
200.0
200.0
200.0
200.0
200.0
200.0
200.0
200.0
200.0
200.0
200.0
200.0
200.0
200.0
200.0
200.0
200.0
200.0
200.0
200.0
200.0
200.0
200.0
200.0
200.0
200.0
200.0
200.0
200.0
200.0
200.0
200.0
200.0
200.0
200.0
200.0
200.0
200.0
200.0
200.0
200.0
200.0
200.0
200.0
200.0
200.0
200.0
200.0
200.0
200.0
200.0
200.0
200.0
200.0
200.0
200.0
200.0
200.0
200.0
200.0
200.0
200.0
200.0
200.0
200.0
200.0
200.0
200.0
200.0
200.0
200.0
200.0
200.0
200.0
200.0
200.0
200.0
200.0
200.0
200.0
200.0
200.0
200.0
200.0
200.0
200.0
200.0
200.0
200.0
200.0
200.0
200.0
200.0
200.0
200.0
200.0
200.0
200.0
200.0
200.0
200.0
200.0
200.0
200.0
200.0
200.0
200.0
200.0
200.0
200.0
200.0
200.0
200.0
200.0
200.0
200.0
200.0
200.0
200.0
200.0
200.0
200.0
200.0
200.0
200.0
200.0
200.0
200.0
200.0
200.0
200.0
200.0
200.0
200.0
200.0
200.0
200.0
200.0
200.0
200.0
200.0
200.0
200.0
200.0
200.0
200.0
200.0
200.0
200.0
200.0
200.0
200.0
200.0
200.0
200.0
200.0
200.0
200.0
200.0
200.0
200.0
200.0
200.0
200.0
200.0
200.0
200.0
200.0
200.0
200.0
200.0
200.0
200.0
200.0
200.0
200.0
200.0
200.0
200.0
200.0
200.0
200.0
200.0
200.0
200.0
200.0
200.0
200.0
200.0
200.0
200.0
200.0
200.0
200.0
200.0
200.0
200.0
200.0
200.0
200.0
200.0
200.0
200.0
200.0
200.0
200.0
200.0
200.0
200.0
200.0
200.0
200.0
200.0
200.0
200.0
200.0
200.0
200.0
200.0
200.0
200.0
200.0
200.0
200.0
200.0
200.0
200.0
200.0
200.0
200.0
200.0
200.0
200.0
200.0
200.0
200.0
200.0
200.0
200.0
200.0
200.0
200.0
200.0
200.0
200.0
200.0
200.0
200.0
200.0
200.0
200.0
200.0
200.0
200.0
200.0
200.0
200.0
200.0
200.0
200.0
200.0
200.0
200.0
200.0
200.0
200.0
200.0
200.0
200.0
200.0
200.0
200.0
200.0
200.0
200.0
200.0
200.0
200.0
200.0
200.0
200.0
200.0
200.0
200.0
200.0
200.0
200.0
200.0
200.0
200.0
200.0
200.0
200.0
200.0
200.0
200.0
200.0
200.0
200.0
200.0
200.0
200.0
200.0
200.0
200.0
200.0
200.0
200.0
200.0
200.0
200.0
200.0
200.0
200.0
200.0
200.0
200.0
200.0
200.0
200.0
200.0
200.0
200.0
200.0
200.0
200.0
200.0
200.0
200.0
200.0
200.0
200.0
200.0
200.0
200.0
200.0
200.0
200.0
200.0
200.0
200.0
200.0
200.0
200.0
200.0
200.0
200.0
200.0
200.0
200.0
200.0
200.0
200.0
200.0
200.0
200.0
200.0
200.0
200.0
200.0
200.0
200.0
200.0
200.0
200.0
200.0
200.0
200.0
200.0
200.0
200.0
200.0
200.0
200.0
200.0
200.0
200.0
200.0
200.0
200.0
200.0
200.0
200.0
200.0
200.0
200.0
200.0
200.0
200.0
200.0
200.0
200.0
200.0
200.0
200.0
200.0
200.0
200.0
200.0
200.0
200.0
200.0
200.0
200.0
200.0
200.0
200.0
200.0
200.0
200.0
200.0
200.0
200.0
200.0
200.0
200.0
200.0
200.0
200.0
200.0
200.0
200.0
200.0
200.0
200.0
200.0
200.0
200.0
200.0
200.0
200.0
200.0
200.0
200.0
200.0
200.0
200.0
200.0
200.0
200.0
