13.0
26.0
20.0
18.0
19.0
30.0
11.0
16.0
17.0
24.0
15.0
17.0
17.0
30.0
33.0
19.0
22.0
40.0
10.0
102.0
27.0
14.0
12.0
17.0
20.0
39.0
26.0
31.0
12.0
15.0
24.0
17.0
10.0
31.0
13.0
15.0
53.0
10.0
13.0
33.0
28.0
21.0
16.0
12.0
14.0
15.0
23.0
43.0
19.0
27.0
32.0
10.0
11.0
15.0
28.0
18.0
27.0
24.0
13.0
39.0
20.0
22.0
44.0
14.0
10.0
21.0
22.0
14.0
13.0
15.0
9.0
17.0
13.0
57.0
17.0
26.0
25.0
12.0
33.0
26.0
19.0
11.0
17.0
16.0
14.0
25.0
19.0
17.0
18.0
16.0
14.0
67.0
19.0
15.0
24.0
18.0
56.0
19.0
40.0
11.0
29.0
13.0
23.0
15.0
38.0
18.0
10.0
29.0
16.0
13.0
16.0
41.0
18.0
17.0
13.0
16.0
16.0
15.0
12.0
12.0
11.0
13.0
13.0
43.0
33.0
11.0
16.0
10.0
9.0
14.0
17.0
12.0
17.0
16.0
37.0
15.0
14.0
13.0
11.0
37.0
10.0
48.0
24.0
36.0
25.0
17.0
13.0
17.0
15.0
20.0
13.0
24.0
12.0
14.0
31.0
14.0
20.0
15.0
13.0
14.0
24.0
15.0
19.0
49.0
32.0
13.0
12.0
11.0
25.0
15.0
9.0
24.0
19.0
24.0
12.0
18.0
41.0
11.0
23.0
21.0
17.0
17.0
12.0
10.0
12.0
13.0
20.0
12.0
26.0
17.0
12.0
11.0
15.0
9.0
16.0
9.0
11.0
13.0
17.0
26.0
11.0
29.0
21.0
19.0
36.0
12.0
23.0
41.0
24.0
29.0
22.0
19.0
13.0
22.0
15.0
14.0
16.0
17.0
35.0
19.0
13.0
13.0
28.0
16.0
16.0
23.0
19.0
22.0
28.0
18.0
47.0
24.0
24.0
37.0
14.0
25.0
34.0
21.0
16.0
14.0
26.0
18.0
29.0
24.0
22.0
29.0
59.0
45.0
27.0
19.0
23.0
29.0
19.0
17.0
26.0
20.0
57.0
28.0
36.0
64.0
24.0
12.0
26.0
25.0
23.0
24.0
39.0
34.0
24.0
23.0
32.0
28.0
23.0
15.0
23.0
40.0
30.0
61.0
50.0
29.0
58.0
46.0
22.0
53.0
38.0
53.0
35.0
45.0
37.0
34.0
55.0
40.0
23.0
31.0
61.0
42.0
55.0
85.0
38.0
42.0
59.0
81.0
28.0
62.0
50.0
51.0
60.0
60.0
63.0
74.0
91.0
112.0
83.0
86.0
81.0
85.0
103.0
93.0
65.0
102.0
68.0
153.0
88.0
96.0
74.0
188.0
81.0
137.0
112.0
103.0
155.0
72.0
51.0
86.0
40.0
61.0
109.0
94.0
148.0
72.0
80.0
88.0
161.0
103.0
86.0
104.0
154.0
77.0
158.0
140.0
118.0
180.0
137.0
91.0
82.0
150.0
102.0
95.0
121.0
123.0
189.0
59.0
69.0
61.0
57.0
68.0
76.0
61.0
72.0
81.0
80.0
56.0
74.0
89.0
85.0
80.0
101.0
96.0
88.0
95.0
84.0
111.0
132.0
118.0
98.0
108.0
77.0
99.0
86.0
89.0
86.0
110.0
119.0
86.0
99.0
99.0
89.0
85.0
85.0
106.0
79.0
91.0
105.0
91.0
93.0
90.0
87.0
95.0
99.0
96.0
103.0
97.0
87.0
103.0
113.0
103.0
102.0
101.0
102.0
97.0
99.0
101.0
99.0
106.0
109.0
113.0
99.0
97.0
107.0
119.0
123.0
117.0
103.0
119.0
104.0
123.0
103.0
100.0
104.0
132.0
138.0
139.0
121.0
115.0
191.0
133.0
115.0
141.0
127.0
137.0
148.0
109.0
142.0
114.0
124.0
117.0
149.0
121.0
178.0
137.0
157.0
107.0
119.0
148.0
143.0
141.0
118.0
124.0
114.0
131.0
142.0
126.0
111.0
165.0
126.0
134.0
129.0
127.0
142.0
131.0
132.0
173.0
178.0
157.0
147.0
141.0
153.0
173.0
147.0
119.0
196.0
137.0
159.0
185.0
162.0
179.0
146.0
200.0
124.0
200.0
152.0
132.0
187.0
200.0
129.0
156.0
133.0
167.0
185.0
200.0
200.0
141.0
200.0
197.0
142.0
200.0
175.0
200.0
200.0
200.0
200.0
200.0
200.0
200.0
200.0
169.0
164.0
200.0
186.0
154.0
162.0
176.0
156.0
144.0
183.0
200.0
200.0
200.0
151.0
200.0
200.0
200.0
174.0
183.0
200.0
200.0
198.0
200.0
170.0
132.0
200.0
200.0
191.0
200.0
200.0
200.0
200.0
200.0
191.0
200.0
200.0
200.0
200.0
199.0
179.0
200.0
142.0
200.0
150.0
128.0
163.0
200.0
200.0
148.0
200.0
200.0
200.0
200.0
200.0
200.0
167.0
156.0
182.0
179.0
198.0
200.0
200.0
188.0
200.0
169.0
151.0
154.0
200.0
200.0
200.0
200.0
172.0
189.0
200.0
200.0
189.0
173.0
200.0
162.0
184.0
154.0
124.0
161.0
169.0
200.0
200.0
200.0
200.0
200.0
200.0
179.0
200.0
166.0
167.0
119.0
165.0
172.0
185.0
200.0
200.0
200.0
200.0
171.0
200.0
171.0
200.0
187.0
169.0
200.0
200.0
200.0
176.0
180.0
200.0
200.0
178.0
160.0
193.0
200.0
200.0
200.0
172.0
200.0
200.0
160.0
200.0
200.0
200.0
200.0
200.0
186.0
200.0
200.0
200.0
200.0
200.0
200.0
180.0
190.0
192.0
181.0
146.0
200.0
200.0
200.0
200.0
200.0
168.0
184.0
168.0
172.0
147.0
144.0
165.0
192.0
200.0
152.0
200.0
171.0
174.0
180.0
162.0
168.0
163.0
200.0
200.0
138.0
138.0
186.0
172.0
173.0
200.0
171.0
184.0
200.0
200.0
200.0
142.0
200.0
192.0
155.0
200.0
178.0
200.0
200.0
179.0
166.0
200.0
200.0
179.0
174.0
200.0
200.0
181.0
200.0
200.0
178.0
182.0
200.0
200.0
200.0
190.0
200.0
200.0
200.0
197.0
200.0
177.0
200.0
200.0
163.0
200.0
200.0
197.0
200.0
200.0
200.0
200.0
200.0
200.0
192.0
200.0
200.0
200.0
200.0
200.0
200.0
200.0
200.0
200.0
200.0
200.0
200.0
196.0
200.0
200.0
200.0
200.0
177.0
200.0
192.0
200.0
200.0
200.0
200.0
200.0
200.0
200.0
200.0
200.0
200.0
200.0
200.0
200.0
189.0
200.0
200.0
188.0
200.0
200.0
191.0
200.0
200.0
159.0
178.0
200.0
172.0
172.0
200.0
196.0
180.0
188.0
173.0
179.0
187.0
181.0
178.0
163.0
180.0
180.0
161.0
195.0
164.0
154.0
167.0
154.0
145.0
148.0
149.0
150.0
175.0
158.0
139.0
159.0
154.0
160.0
139.0
144.0
141.0
139.0
134.0
140.0
141.0
144.0
145.0
153.0
125.0
132.0
151.0
140.0
140.0
139.0
139.0
131.0
140.0
153.0
150.0
141.0
153.0
145.0
136.0
142.0
145.0
152.0
149.0
146.0
148.0
19.0
20.0
131.0
139.0
127.0
131.0
131.0
135.0
133.0
13.0
20.0
23.0
17.0
131.0
21.0
11.0
19.0
17.0
16.0
18.0
15.0
18.0
16.0
15.0
18.0
132.0
132.0
142.0
23.0
16.0
141.0
12.0
16.0
24.0
143.0
16.0
144.0
18.0
147.0
138.0
133.0
19.0
131.0
137.0
18.0
16.0
17.0
138.0
23.0
146.0
159.0
154.0
150.0
148.0
169.0
170.0
171.0
155.0
171.0
160.0
158.0
162.0
165.0
146.0
156.0
152.0
136.0
172.0
172.0
174.0
176.0
170.0
174.0
200.0
197.0
200.0
188.0
177.0
194.0
199.0
200.0
200.0
189.0
200.0
200.0
200.0
200.0
191.0
200.0
200.0
200.0
200.0
200.0
200.0
200.0
200.0
200.0
200.0
200.0
200.0
200.0
200.0
200.0
200.0
200.0
200.0
200.0
200.0
200.0
200.0
200.0
200.0
200.0
200.0
200.0
200.0
200.0
200.0
200.0
200.0
200.0
200.0
200.0
200.0
200.0
200.0
200.0
200.0
200.0
200.0
200.0
200.0
200.0
200.0
200.0
200.0
200.0
200.0
200.0
200.0
200.0
200.0
200.0
200.0
200.0
200.0
200.0
200.0
200.0
200.0
200.0
200.0
200.0
200.0
200.0
200.0
200.0
200.0
200.0
200.0
200.0
200.0
200.0
200.0
200.0
200.0
200.0
200.0
200.0
200.0
200.0
200.0
200.0
200.0
200.0
200.0
200.0
200.0
200.0
200.0
200.0
200.0
200.0
200.0
200.0
200.0
200.0
200.0
200.0
200.0
200.0
200.0
200.0
200.0
200.0
200.0
200.0
200.0
200.0
200.0
200.0
200.0
200.0
200.0
200.0
200.0
200.0
200.0
200.0
200.0
200.0
200.0
200.0
200.0
200.0
200.0
200.0
200.0
200.0
200.0
200.0
200.0
200.0
200.0
200.0
200.0
200.0
200.0
200.0
200.0
200.0
200.0
200.0
200.0
200.0
200.0
200.0
200.0
200.0
200.0
200.0
200.0
200.0
200.0
200.0
200.0
200.0
200.0
200.0
200.0
200.0
200.0
200.0
200.0
200.0
200.0
200.0
200.0
200.0
200.0
200.0
200.0
200.0
200.0
200.0
200.0
200.0
200.0
200.0
200.0
200.0
200.0
200.0
200.0
200.0
200.0
200.0
200.0
200.0
200.0
200.0
200.0
200.0
200.0
200.0
200.0
200.0
200.0
200.0
200.0
200.0
200.0
200.0
200.0
200.0
200.0
200.0
200.0
200.0
200.0
200.0
200.0
200.0
200.0
200.0
200.0
200.0
200.0
200.0
200.0
200.0
200.0
200.0
200.0
200.0
200.0
200.0
200.0
200.0
200.0
200.0
200.0
200.0
200.0
200.0
200.0
200.0
200.0
200.0
200.0
200.0
200.0
200.0
200.0
200.0
200.0
200.0
200.0
200.0
200.0
200.0
200.0
200.0
200.0
200.0
200.0
200.0
200.0
200.0
200.0
200.0
200.0
200.0
200.0
200.0
200.0
200.0
200.0
200.0
200.0
200.0
200.0
200.0
200.0
200.0
200.0
200.0
200.0
200.0
200.0
200.0
200.0
200.0
200.0
200.0
200.0
200.0
200.0
200.0
200.0
200.0
200.0
200.0
200.0
200.0
200.0
200.0
200.0
200.0
200.0
200.0
200.0
200.0
200.0
200.0
200.0
200.0
200.0
200.0
200.0
200.0
200.0
200.0
200.0
200.0
200.0
200.0
200.0
200.0
200.0
200.0
200.0
200.0
200.0
200.0
200.0
200.0
200.0
200.0
200.0
200.0
200.0
200.0
200.0
200.0
200.0
200.0
200.0
200.0
200.0
200.0
200.0
200.0
200.0
200.0
200.0
200.0
200.0
200.0
200.0
200.0
200.0
200.0
200.0
200.0
200.0
200.0
200.0
200.0
200.0
200.0
200.0
200.0
200.0
200.0
200.0
200.0
200.0
200.0
200.0
200.0
200.0
200.0
200.0
200.0
200.0
200.0
200.0
200.0
200.0
200.0
200.0
200.0
200.0
200.0
200.0
200.0
200.0
200.0
200.0
200.0
200.0
200.0
200.0
200.0
200.0
200.0
200.0
200.0
200.0
200.0
200.0
200.0
200.0
200.0
200.0
200.0
200.0
200.0
200.0
200.0
200.0
200.0
200.0
200.0
200.0
200.0
200.0
200.0
200.0
200.0
200.0
200.0
200.0
200.0
200.0
200.0
200.0
200.0
200.0
200.0
200.0
200.0
200.0
200.0
200.0
200.0
200.0
200.0
200.0
200.0
200.0
200.0
200.0
200.0
200.0
200.0
200.0
200.0
200.0
200.0
200.0
200.0
200.0
200.0
200.0
200.0
200.0
200.0
200.0
200.0
200.0
200.0
200.0
200.0
200.0
200.0
200.0
200.0
200.0
200.0
200.0
200.0
200.0
200.0
200.0
200.0
200.0
200.0
200.0
200.0
200.0
200.0
200.0
200.0
200.0
200.0
200.0
200.0
200.0
200.0
200.0
200.0
200.0
200.0
200.0
200.0
200.0
200.0
200.0
200.0
200.0
200.0
200.0
200.0
200.0
200.0
200.0
200.0
200.0
200.0
200.0
200.0
200.0
200.0
200.0
200.0
200.0
200.0
200.0
200.0
200.0
200.0
200.0
200.0
200.0
200.0
200.0
200.0
200.0
200.0
200.0
200.0
200.0
200.0
200.0
200.0
200.0
200.0
200.0
200.0
200.0
200.0
200.0
200.0
200.0
200.0
200.0
200.0
200.0
200.0
200.0
200.0
200.0
200.0
200.0
200.0
200.0
200.0
200.0
200.0
200.0
200.0
200.0
200.0
200.0
200.0
200.0
200.0
200.0
200.0
200.0
200.0
200.0
200.0
200.0
200.0
200.0
200.0
200.0
200.0
200.0
200.0
200.0
200.0
200.0
200.0
200.0
200.0
200.0
200.0
200.0
200.0
200.0
200.0
200.0
200.0
200.0
200.0
200.0
200.0
200.0
200.0
200.0
200.0
200.0
200.0
200.0
200.0
200.0
200.0
200.0
200.0
200.0
200.0
200.0
200.0
200.0
200.0
200.0
200.0
200.0
200.0
200.0
200.0
200.0
200.0
200.0
200.0
200.0
200.0
200.0
200.0
200.0
200.0
200.0
200.0
200.0
200.0
200.0
200.0
200.0
200.0
200.0
200.0
200.0
200.0
200.0
200.0
200.0
200.0
200.0
200.0
200.0
200.0
200.0
200.0
200.0
200.0
200.0
200.0
200.0
200.0
200.0
200.0
200.0
200.0
200.0
200.0
200.0
200.0
200.0
200.0
200.0
200.0
200.0
200.0
200.0
200.0
200.0
200.0
200.0
200.0
200.0
200.0
200.0
200.0
200.0
200.0
200.0
200.0
200.0
200.0
200.0
200.0
200.0
200.0
200.0
200.0
200.0
200.0
200.0
200.0
200.0
200.0
200.0
200.0
200.0
200.0
200.0
200.0
200.0
200.0
200.0
200.0
200.0
200.0
200.0
200.0
200.0
200.0
200.0
200.0
200.0
200.0
200.0
200.0
200.0
200.0
200.0
200.0
200.0
200.0
200.0
200.0
200.0
200.0
200.0
200.0
200.0
200.0
200.0
200.0
200.0
200.0
200.0
200.0
200.0
200.0
200.0
200.0
200.0
200.0
200.0
200.0
200.0
200.0
200.0
200.0
200.0
200.0
200.0
200.0
200.0
200.0
200.0
200.0
200.0
200.0
200.0
200.0
200.0
200.0
200.0
200.0
200.0
200.0
200.0
200.0
200.0
200.0
200.0
200.0
200.0
200.0
200.0
200.0
200.0
200.0
200.0
200.0
200.0
200.0
200.0
200.0
200.0
200.0
200.0
200.0
200.0
200.0
200.0
200.0
200.0
200.0
200.0
200.0
200.0
200.0
200.0
200.0
200.0
200.0
200.0
200.0
200.0
200.0
200.0
200.0
200.0
200.0
200.0
200.0
200.0
200.0
200.0
200.0
200.0
200.0
200.0
200.0
200.0
200.0
200.0
200.0
200.0
200.0
200.0
200.0
200.0
200.0
200.0
200.0
200.0
200.0
200.0
200.0
200.0
200.0
200.0
200.0
200.0
200.0
200.0
200.0
200.0
200.0
200.0
200.0
200.0
200.0
200.0
200.0
200.0
200.0
200.0
200.0
200.0
200.0
200.0
200.0
200.0
200.0
200.0
200.0
200.0
200.0
200.0
200.0
200.0
200.0
200.0
200.0
200.0
200.0
200.0
200.0
200.0
200.0
200.0
200.0
200.0
200.0
200.0
200.0
200.0
200.0
200.0
200.0
200.0
200.0
200.0
200.0
200.0
200.0
200.0
200.0
200.0
200.0
200.0
200.0
200.0
200.0
200.0
200.0
200.0
200.0
200.0
200.0
200.0
200.0
200.0
200.0
200.0
200.0
200.0
200.0
200.0
200.0
200.0
200.0
200.0
200.0
200.0
200.0
200.0
200.0
200.0
200.0
200.0
200.0
200.0
200.0
200.0
200.0
200.0
200.0
200.0
200.0
200.0
200.0
200.0
200.0
200.0
200.0
200.0
200.0
200.0
200.0
200.0
200.0
200.0
200.0
200.0
200.0
200.0
200.0
200.0
200.0
200.0
200.0
200.0
200.0
200.0
200.0
200.0
200.0
200.0
200.0
200.0
200.0
200.0
200.0
200.0
200.0
200.0
200.0
200.0
200.0
200.0
200.0
200.0
200.0
200.0
200.0
200.0
200.0
200.0
200.0
200.0
200.0
200.0
200.0
200.0
200.0
200.0
200.0
200.0
200.0
200.0
200.0
200.0
200.0
200.0
200.0
200.0
200.0
200.0
200.0
200.0
200.0
200.0
200.0
200.0
200.0
200.0
200.0
200.0
200.0
200.0
200.0
200.0
200.0
200.0
200.0
200.0
200.0
200.0
200.0
200.0
200.0
200.0
200.0
200.0
200.0
200.0
200.0
200.0
200.0
200.0
200.0
200.0
200.0
200.0
200.0
200.0
200.0
200.0
