15.0
24.0
26.0
34.0
13.0
31.0
23.0
31.0
22.0
36.0
17.0
22.0
11.0
15.0
53.0
44.0
19.0
10.0
18.0
46.0
20.0
29.0
33.0
16.0
35.0
20.0
19.0
22.0
14.0
25.0
14.0
23.0
11.0
24.0
13.0
13.0
12.0
24.0
17.0
14.0
19.0
21.0
16.0
13.0
10.0
14.0
20.0
63.0
12.0
12.0
19.0
22.0
45.0
27.0
13.0
34.0
13.0
30.0
24.0
11.0
15.0
12.0
27.0
25.0
54.0
21.0
23.0
16.0
20.0
14.0
15.0
10.0
17.0
13.0
19.0
65.0
54.0
18.0
19.0
20.0
15.0
14.0
13.0
43.0
13.0
18.0
17.0
31.0
33.0
11.0
9.0
25.0
19.0
15.0
25.0
11.0
16.0
11.0
21.0
18.0
12.0
29.0
14.0
16.0
48.0
13.0
10.0
10.0
20.0
20.0
11.0
17.0
15.0
14.0
16.0
9.0
9.0
12.0
12.0
34.0
27.0
11.0
35.0
9.0
15.0
22.0
16.0
8.0
12.0
13.0
10.0
14.0
17.0
14.0
18.0
35.0
8.0
39.0
31.0
13.0
19.0
24.0
17.0
29.0
11.0
10.0
12.0
14.0
18.0
23.0
12.0
14.0
12.0
16.0
15.0
23.0
65.0
18.0
49.0
9.0
17.0
30.0
50.0
12.0
9.0
21.0
15.0
15.0
21.0
11.0
18.0
14.0
15.0
15.0
14.0
15.0
76.0
14.0
15.0
15.0
10.0
11.0
16.0
33.0
12.0
16.0
12.0
20.0
12.0
11.0
15.0
22.0
22.0
19.0
27.0
18.0
20.0
20.0
20.0
21.0
19.0
15.0
23.0
27.0
18.0
17.0
15.0
16.0
22.0
20.0
16.0
13.0
12.0
11.0
13.0
15.0
23.0
20.0
30.0
52.0
27.0
22.0
17.0
25.0
30.0
27.0
25.0
11.0
28.0
18.0
18.0
24.0
22.0
22.0
12.0
11.0
12.0
17.0
16.0
12.0
25.0
15.0
8.0
17.0
14.0
21.0
29.0
15.0
31.0
61.0
46.0
25.0
28.0
35.0
17.0
36.0
28.0
23.0
24.0
21.0
32.0
21.0
14.0
22.0
20.0
44.0
29.0
36.0
43.0
26.0
42.0
16.0
29.0
31.0
27.0
22.0
29.0
26.0
32.0
24.0
17.0
19.0
15.0
19.0
92.0
29.0
25.0
32.0
32.0
76.0
70.0
32.0
21.0
45.0
49.0
55.0
47.0
41.0
52.0
37.0
51.0
22.0
91.0
34.0
65.0
76.0
46.0
46.0
56.0
24.0
54.0
70.0
36.0
41.0
63.0
42.0
63.0
42.0
37.0
49.0
54.0
34.0
28.0
162.0
69.0
61.0
66.0
55.0
112.0
111.0
63.0
84.0
104.0
118.0
97.0
36.0
54.0
82.0
55.0
100.0
50.0
71.0
74.0
86.0
62.0
200.0
90.0
54.0
104.0
185.0
116.0
84.0
88.0
199.0
94.0
126.0
116.0
94.0
131.0
115.0
171.0
145.0
109.0
200.0
154.0
161.0
105.0
200.0
110.0
117.0
131.0
115.0
136.0
105.0
152.0
95.0
91.0
108.0
106.0
124.0
94.0
88.0
144.0
136.0
89.0
130.0
122.0
101.0
133.0
109.0
200.0
118.0
110.0
111.0
117.0
103.0
91.0
90.0
129.0
187.0
150.0
106.0
117.0
90.0
107.0
200.0
133.0
108.0
97.0
97.0
151.0
160.0
99.0
106.0
101.0
106.0
109.0
117.0
104.0
110.0
173.0
193.0
109.0
108.0
133.0
133.0
172.0
139.0
111.0
110.0
122.0
103.0
132.0
130.0
126.0
152.0
111.0
122.0
109.0
103.0
180.0
115.0
123.0
124.0
127.0
150.0
124.0
120.0
184.0
135.0
120.0
127.0
147.0
174.0
179.0
119.0
136.0
129.0
145.0
180.0
129.0
132.0
126.0
140.0
171.0
145.0
168.0
146.0
137.0
200.0
133.0
137.0
171.0
183.0
141.0
200.0
139.0
124.0
133.0
200.0
194.0
175.0
183.0
200.0
162.0
133.0
193.0
200.0
143.0
200.0
200.0
155.0
200.0
160.0
155.0
163.0
200.0
200.0
200.0
159.0
137.0
159.0
200.0
197.0
200.0
134.0
178.0
200.0
200.0
187.0
200.0
200.0
200.0
200.0
191.0
168.0
200.0
172.0
200.0
184.0
200.0
200.0
200.0
200.0
195.0
157.0
200.0
186.0
170.0
200.0
174.0
200.0
200.0
200.0
200.0
189.0
184.0
200.0
200.0
188.0
196.0
184.0
200.0
187.0
200.0
167.0
166.0
200.0
175.0
162.0
200.0
192.0
200.0
191.0
200.0
200.0
176.0
200.0
169.0
188.0
177.0
186.0
200.0
191.0
180.0
200.0
200.0
180.0
170.0
184.0
200.0
175.0
200.0
171.0
200.0
190.0
200.0
200.0
185.0
198.0
173.0
156.0
200.0
164.0
189.0
192.0
170.0
196.0
165.0
180.0
200.0
200.0
189.0
176.0
168.0
171.0
185.0
194.0
193.0
184.0
200.0
163.0
162.0
180.0
159.0
200.0
185.0
200.0
179.0
200.0
154.0
200.0
154.0
200.0
200.0
200.0
200.0
163.0
172.0
200.0
168.0
200.0
195.0
200.0
200.0
168.0
153.0
172.0
174.0
200.0
200.0
177.0
200.0
159.0
195.0
200.0
200.0
200.0
200.0
200.0
200.0
169.0
200.0
177.0
187.0
200.0
200.0
175.0
200.0
200.0
168.0
181.0
149.0
178.0
187.0
182.0
181.0
200.0
179.0
137.0
200.0
125.0
199.0
175.0
200.0
156.0
195.0
191.0
200.0
168.0
176.0
175.0
157.0
200.0
166.0
200.0
153.0
131.0
147.0
137.0
200.0
173.0
185.0
171.0
200.0
178.0
200.0
169.0
153.0
193.0
200.0
200.0
182.0
200.0
200.0
163.0
200.0
121.0
187.0
191.0
200.0
161.0
200.0
200.0
200.0
182.0
111.0
186.0
196.0
200.0
176.0
200.0
200.0
200.0
185.0
200.0
200.0
200.0
200.0
153.0
147.0
200.0
200.0
200.0
200.0
200.0
200.0
200.0
200.0
200.0
200.0
200.0
200.0
200.0
200.0
200.0
200.0
198.0
200.0
200.0
200.0
200.0
155.0
200.0
200.0
200.0
200.0
200.0
200.0
200.0
200.0
200.0
200.0
200.0
200.0
151.0
200.0
200.0
200.0
200.0
200.0
200.0
200.0
200.0
200.0
193.0
200.0
200.0
200.0
200.0
200.0
200.0
200.0
170.0
200.0
200.0
200.0
200.0
200.0
200.0
179.0
200.0
200.0
200.0
200.0
200.0
189.0
200.0
141.0
200.0
200.0
200.0
200.0
200.0
200.0
200.0
178.0
200.0
200.0
171.0
140.0
152.0
138.0
172.0
200.0
151.0
142.0
175.0
158.0
173.0
156.0
172.0
200.0
200.0
200.0
200.0
140.0
200.0
170.0
169.0
193.0
178.0
200.0
200.0
200.0
200.0
200.0
179.0
200.0
200.0
200.0
197.0
180.0
200.0
200.0
200.0
200.0
200.0
200.0
200.0
198.0
200.0
200.0
200.0
200.0
200.0
200.0
200.0
200.0
200.0
200.0
200.0
200.0
200.0
200.0
200.0
200.0
200.0
200.0
200.0
200.0
200.0
200.0
200.0
200.0
200.0
200.0
200.0
200.0
200.0
200.0
200.0
200.0
200.0
200.0
200.0
200.0
200.0
200.0
200.0
200.0
200.0
200.0
200.0
200.0
200.0
200.0
200.0
200.0
200.0
200.0
200.0
200.0
200.0
200.0
200.0
200.0
200.0
200.0
200.0
200.0
200.0
200.0
200.0
200.0
200.0
200.0
200.0
200.0
200.0
200.0
200.0
200.0
200.0
200.0
200.0
200.0
200.0
200.0
200.0
200.0
200.0
200.0
200.0
200.0
200.0
200.0
200.0
200.0
200.0
200.0
200.0
200.0
200.0
200.0
200.0
200.0
200.0
200.0
200.0
200.0
200.0
200.0
200.0
200.0
200.0
200.0
200.0
200.0
200.0
200.0
200.0
200.0
200.0
200.0
200.0
200.0
200.0
200.0
200.0
200.0
200.0
200.0
200.0
200.0
200.0
200.0
200.0
200.0
200.0
200.0
200.0
200.0
200.0
200.0
200.0
200.0
200.0
200.0
200.0
200.0
200.0
200.0
200.0
200.0
200.0
200.0
200.0
200.0
200.0
200.0
200.0
200.0
200.0
200.0
200.0
200.0
200.0
200.0
200.0
200.0
200.0
200.0
200.0
200.0
200.0
200.0
200.0
200.0
200.0
200.0
200.0
200.0
200.0
200.0
200.0
200.0
200.0
200.0
200.0
200.0
200.0
200.0
200.0
200.0
200.0
200.0
200.0
200.0
200.0
200.0
200.0
200.0
200.0
200.0
200.0
200.0
200.0
200.0
200.0
200.0
200.0
200.0
200.0
200.0
200.0
200.0
200.0
200.0
200.0
200.0
200.0
200.0
200.0
200.0
200.0
200.0
200.0
200.0
200.0
200.0
200.0
200.0
200.0
200.0
200.0
200.0
200.0
200.0
200.0
200.0
200.0
200.0
200.0
200.0
200.0
200.0
200.0
200.0
200.0
200.0
200.0
200.0
200.0
200.0
200.0
200.0
200.0
200.0
200.0
200.0
200.0
200.0
200.0
200.0
200.0
200.0
200.0
200.0
200.0
200.0
200.0
200.0
200.0
200.0
200.0
200.0
200.0
200.0
200.0
200.0
200.0
200.0
200.0
200.0
200.0
200.0
200.0
200.0
200.0
200.0
200.0
200.0
200.0
200.0
200.0
200.0
200.0
200.0
200.0
200.0
200.0
200.0
200.0
200.0
200.0
200.0
200.0
200.0
200.0
200.0
200.0
200.0
200.0
200.0
200.0
200.0
200.0
200.0
200.0
200.0
200.0
200.0
200.0
200.0
200.0
200.0
200.0
200.0
200.0
200.0
200.0
200.0
200.0
200.0
200.0
200.0
200.0
200.0
200.0
200.0
200.0
200.0
200.0
200.0
200.0
200.0
200.0
200.0
200.0
200.0
200.0
200.0
200.0
200.0
200.0
200.0
200.0
200.0
200.0
200.0
200.0
200.0
200.0
200.0
200.0
200.0
200.0
200.0
200.0
200.0
200.0
200.0
200.0
200.0
200.0
200.0
200.0
200.0
200.0
200.0
200.0
200.0
200.0
200.0
200.0
200.0
200.0
200.0
200.0
200.0
200.0
200.0
200.0
200.0
200.0
200.0
200.0
200.0
200.0
200.0
200.0
200.0
200.0
200.0
200.0
200.0
200.0
200.0
200.0
200.0
200.0
200.0
200.0
200.0
200.0
200.0
200.0
200.0
200.0
200.0
200.0
200.0
200.0
200.0
200.0
200.0
200.0
200.0
200.0
200.0
200.0
200.0
200.0
200.0
200.0
200.0
200.0
200.0
200.0
200.0
200.0
200.0
200.0
200.0
200.0
200.0
200.0
200.0
200.0
200.0
200.0
200.0
200.0
200.0
200.0
200.0
200.0
200.0
200.0
200.0
200.0
200.0
200.0
200.0
200.0
200.0
200.0
200.0
200.0
200.0
200.0
200.0
200.0
200.0
200.0
200.0
200.0
200.0
200.0
200.0
200.0
200.0
200.0
200.0
200.0
200.0
200.0
200.0
200.0
200.0
200.0
200.0
200.0
200.0
200.0
200.0
200.0
200.0
200.0
200.0
200.0
200.0
200.0
200.0
200.0
200.0
200.0
200.0
200.0
200.0
200.0
200.0
200.0
200.0
200.0
200.0
200.0
200.0
200.0
200.0
200.0
200.0
200.0
200.0
200.0
200.0
200.0
200.0
200.0
200.0
200.0
200.0
200.0
200.0
200.0
200.0
200.0
200.0
200.0
200.0
200.0
200.0
200.0
200.0
200.0
200.0
200.0
200.0
200.0
200.0
200.0
200.0
200.0
200.0
200.0
200.0
200.0
200.0
200.0
200.0
200.0
200.0
200.0
200.0
200.0
200.0
200.0
200.0
200.0
200.0
200.0
200.0
200.0
200.0
200.0
200.0
200.0
200.0
200.0
200.0
200.0
200.0
200.0
200.0
200.0
200.0
200.0
200.0
200.0
200.0
200.0
200.0
200.0
200.0
200.0
200.0
200.0
200.0
200.0
200.0
200.0
200.0
200.0
200.0
200.0
200.0
200.0
200.0
200.0
200.0
200.0
200.0
200.0
200.0
200.0
200.0
200.0
200.0
200.0
200.0
200.0
200.0
200.0
200.0
200.0
200.0
200.0
200.0
200.0
200.0
200.0
200.0
200.0
200.0
200.0
200.0
200.0
200.0
200.0
200.0
200.0
200.0
200.0
200.0
200.0
200.0
200.0
200.0
200.0
200.0
200.0
200.0
200.0
200.0
200.0
200.0
200.0
200.0
200.0
200.0
200.0
200.0
200.0
200.0
200.0
200.0
200.0
200.0
200.0
200.0
200.0
200.0
200.0
200.0
200.0
200.0
200.0
200.0
200.0
200.0
200.0
200.0
200.0
200.0
200.0
200.0
200.0
200.0
200.0
200.0
200.0
200.0
200.0
200.0
200.0
200.0
200.0
200.0
200.0
200.0
200.0
200.0
200.0
200.0
200.0
200.0
200.0
200.0
200.0
200.0
200.0
200.0
200.0
200.0
200.0
200.0
200.0
200.0
200.0
200.0
200.0
200.0
200.0
200.0
200.0
200.0
200.0
200.0
200.0
200.0
200.0
200.0
200.0
200.0
200.0
200.0
200.0
200.0
200.0
200.0
200.0
200.0
200.0
200.0
200.0
200.0
200.0
200.0
200.0
200.0
200.0
200.0
200.0
200.0
200.0
200.0
200.0
200.0
200.0
200.0
200.0
200.0
200.0
200.0
200.0
200.0
200.0
200.0
200.0
200.0
200.0
200.0
200.0
200.0
200.0
200.0
200.0
200.0
200.0
200.0
200.0
200.0
200.0
200.0
200.0
200.0
200.0
200.0
200.0
200.0
200.0
200.0
200.0
200.0
200.0
200.0
200.0
200.0
200.0
200.0
200.0
200.0
200.0
200.0
200.0
200.0
200.0
200.0
200.0
200.0
200.0
200.0
200.0
200.0
200.0
200.0
200.0
200.0
200.0
200.0
200.0
200.0
200.0
200.0
200.0
200.0
200.0
200.0
200.0
200.0
200.0
200.0
200.0
200.0
200.0
200.0
200.0
200.0
200.0
200.0
200.0
200.0
200.0
200.0
200.0
200.0
200.0
200.0
200.0
200.0
200.0
200.0
200.0
200.0
200.0
200.0
200.0
200.0
200.0
200.0
200.0
200.0
200.0
200.0
200.0
200.0
200.0
200.0
200.0
200.0
200.0
200.0
200.0
200.0
200.0
200.0
200.0
200.0
200.0
200.0
200.0
200.0
200.0
200.0
200.0
200.0
200.0
200.0
200.0
200.0
200.0
200.0
200.0
200.0
200.0
200.0
200.0
200.0
200.0
200.0
200.0
200.0
200.0
200.0
200.0
200.0
200.0
200.0
200.0
200.0
200.0
200.0
200.0
200.0
200.0
200.0
200.0
200.0
200.0
200.0
200.0
200.0
200.0
200.0
200.0
200.0
200.0
200.0
200.0
200.0
200.0
200.0
200.0
200.0
200.0
200.0
200.0
200.0
200.0
200.0
200.0
200.0
200.0
200.0
200.0
200.0
200.0
200.0
200.0
200.0
200.0
200.0
200.0
200.0
200.0
200.0
200.0
200.0
200.0
200.0
200.0
200.0
200.0
200.0
200.0
200.0
200.0
200.0
200.0
200.0
200.0
200.0
200.0
200.0
200.0
200.0
200.0
200.0
200.0
200.0
200.0
200.0
200.0
200.0
200.0
200.0
200.0
200.0
200.0
200.0
200.0
200.0
200.0
200.0
200.0
200.0
200.0
200.0
200.0
200.0
200.0
200.0
200.0
200.0
200.0
200.0
200.0
200.0
200.0
200.0
200.0
200.0
200.0
200.0
200.0
200.0
200.0
200.0
200.0
200.0
200.0
200.0
200.0
200.0
200.0
200.0
200.0
200.0
200.0
200.0
200.0
200.0
200.0
200.0
200.0
200.0
200.0
200.0
200.0
200.0
200.0
200.0
200.0
200.0
200.0
200.0
200.0
200.0
200.0
200.0
200.0
200.0
200.0
200.0
200.0
200.0
200.0
200.0
200.0
200.0
200.0
200.0
200.0
200.0
200.0
200.0
200.0
200.0
200.0
200.0
200.0
200.0
200.0
200.0
200.0
200.0
200.0
200.0
200.0
200.0
200.0
200.0
200.0
200.0
200.0
200.0
200.0
200.0
200.0
200.0
200.0
200.0
200.0
200.0
200.0
200.0
200.0
200.0
200.0
200.0
200.0
200.0
200.0
200.0
200.0
200.0
200.0
200.0
200.0
200.0
200.0
200.0
200.0
200.0
200.0
200.0
200.0
200.0
200.0
200.0
200.0
200.0
200.0
200.0
200.0
200.0
200.0
200.0
200.0
200.0
200.0
200.0
200.0
200.0
200.0
200.0
200.0
200.0
200.0
200.0
200.0
200.0
200.0
200.0
200.0
200.0
200.0
200.0
200.0
200.0
200.0
200.0
200.0
200.0
200.0
200.0
200.0
200.0
200.0
200.0
200.0
200.0
200.0
200.0
200.0
200.0
200.0
200.0
200.0
