18.0
51.0
16.0
17.0
11.0
22.0
13.0
28.0
34.0
37.0
14.0
11.0
25.0
25.0
16.0
19.0
70.0
54.0
43.0
19.0
22.0
53.0
15.0
34.0
40.0
11.0
38.0
24.0
11.0
24.0
23.0
19.0
15.0
31.0
22.0
28.0
13.0
16.0
17.0
22.0
55.0
29.0
25.0
16.0
70.0
20.0
20.0
9.0
21.0
28.0
49.0
13.0
28.0
10.0
15.0
41.0
18.0
15.0
16.0
19.0
15.0
17.0
37.0
20.0
11.0
14.0
14.0
15.0
13.0
9.0
13.0
16.0
36.0
15.0
42.0
14.0
16.0
30.0
81.0
16.0
17.0
69.0
18.0
33.0
13.0
11.0
18.0
20.0
13.0
14.0
30.0
15.0
27.0
11.0
28.0
11.0
12.0
23.0
36.0
19.0
23.0
37.0
11.0
14.0
14.0
21.0
16.0
20.0
9.0
13.0
25.0
15.0
8.0
9.0
11.0
19.0
15.0
16.0
17.0
12.0
18.0
12.0
16.0
11.0
10.0
14.0
15.0
14.0
11.0
11.0
15.0
20.0
11.0
11.0
10.0
14.0
16.0
29.0
11.0
10.0
14.0
13.0
16.0
21.0
14.0
49.0
27.0
13.0
13.0
22.0
12.0
22.0
20.0
17.0
14.0
52.0
19.0
15.0
19.0
24.0
13.0
26.0
15.0
11.0
20.0
31.0
26.0
18.0
32.0
65.0
10.0
37.0
10.0
16.0
34.0
11.0
12.0
30.0
18.0
41.0
13.0
17.0
17.0
11.0
12.0
19.0
15.0
27.0
23.0
19.0
44.0
42.0
94.0
24.0
27.0
40.0
46.0
14.0
31.0
29.0
19.0
32.0
41.0
15.0
17.0
71.0
19.0
9.0
19.0
38.0
35.0
11.0
11.0
22.0
57.0
22.0
18.0
25.0
16.0
38.0
18.0
30.0
33.0
32.0
42.0
30.0
81.0
47.0
48.0
34.0
108.0
23.0
18.0
21.0
28.0
20.0
32.0
16.0
66.0
20.0
20.0
46.0
42.0
35.0
98.0
69.0
39.0
17.0
52.0
40.0
52.0
47.0
39.0
39.0
35.0
41.0
32.0
69.0
83.0
41.0
19.0
50.0
110.0
59.0
42.0
25.0
81.0
111.0
43.0
20.0
37.0
37.0
46.0
68.0
84.0
68.0
37.0
28.0
36.0
67.0
40.0
22.0
82.0
37.0
50.0
66.0
45.0
74.0
34.0
27.0
28.0
30.0
91.0
25.0
35.0
80.0
25.0
76.0
50.0
43.0
80.0
37.0
60.0
39.0
26.0
84.0
38.0
80.0
114.0
82.0
69.0
72.0
58.0
91.0
63.0
50.0
85.0
43.0
39.0
88.0
93.0
86.0
56.0
111.0
65.0
75.0
118.0
113.0
93.0
136.0
72.0
47.0
96.0
76.0
87.0
107.0
152.0
164.0
68.0
129.0
89.0
78.0
132.0
79.0
116.0
114.0
117.0
168.0
130.0
78.0
200.0
80.0
189.0
140.0
150.0
101.0
200.0
200.0
148.0
138.0
115.0
131.0
149.0
90.0
100.0
152.0
109.0
131.0
115.0
200.0
168.0
145.0
132.0
126.0
103.0
123.0
200.0
123.0
178.0
161.0
127.0
89.0
140.0
173.0
128.0
132.0
200.0
173.0
200.0
160.0
200.0
193.0
200.0
200.0
200.0
200.0
186.0
162.0
134.0
151.0
156.0
139.0
142.0
192.0
147.0
197.0
200.0
200.0
200.0
148.0
153.0
172.0
200.0
200.0
200.0
153.0
200.0
200.0
200.0
192.0
200.0
174.0
143.0
165.0
200.0
170.0
200.0
174.0
186.0
198.0
166.0
133.0
197.0
200.0
144.0
143.0
200.0
200.0
190.0
200.0
200.0
165.0
147.0
145.0
139.0
148.0
141.0
173.0
177.0
200.0
200.0
184.0
181.0
200.0
185.0
174.0
179.0
141.0
199.0
172.0
191.0
182.0
200.0
200.0
190.0
200.0
200.0
200.0
200.0
200.0
200.0
200.0
200.0
200.0
167.0
200.0
163.0
196.0
194.0
160.0
200.0
171.0
171.0
169.0
165.0
200.0
200.0
200.0
162.0
159.0
200.0
200.0
200.0
196.0
200.0
200.0
150.0
200.0
200.0
200.0
162.0
133.0
200.0
200.0
200.0
189.0
152.0
200.0
173.0
184.0
200.0
196.0
162.0
200.0
200.0
200.0
183.0
183.0
164.0
200.0
200.0
178.0
162.0
192.0
191.0
169.0
180.0
170.0
200.0
200.0
200.0
170.0
200.0
200.0
200.0
184.0
200.0
200.0
147.0
130.0
148.0
140.0
140.0
140.0
168.0
150.0
146.0
190.0
155.0
200.0
192.0
200.0
175.0
179.0
200.0
200.0
184.0
200.0
200.0
200.0
200.0
200.0
200.0
200.0
168.0
200.0
200.0
200.0
190.0
199.0
200.0
180.0
183.0
191.0
200.0
165.0
186.0
200.0
174.0
200.0
200.0
200.0
166.0
200.0
200.0
200.0
200.0
176.0
155.0
179.0
175.0
185.0
164.0
178.0
180.0
200.0
149.0
157.0
173.0
160.0
172.0
172.0
150.0
145.0
158.0
195.0
200.0
162.0
200.0
200.0
200.0
192.0
193.0
200.0
196.0
200.0
200.0
183.0
195.0
188.0
187.0
200.0
200.0
200.0
200.0
200.0
200.0
200.0
200.0
180.0
200.0
200.0
200.0
200.0
200.0
181.0
163.0
200.0
200.0
200.0
200.0
200.0
200.0
200.0
200.0
200.0
200.0
200.0
200.0
200.0
200.0
200.0
200.0
197.0
200.0
200.0
200.0
200.0
197.0
200.0
194.0
195.0
200.0
200.0
200.0
200.0
200.0
200.0
200.0
200.0
200.0
200.0
200.0
200.0
198.0
183.0
200.0
200.0
200.0
200.0
200.0
200.0
200.0
200.0
200.0
200.0
200.0
200.0
179.0
200.0
200.0
200.0
200.0
200.0
200.0
200.0
200.0
200.0
200.0
200.0
200.0
200.0
200.0
200.0
200.0
200.0
200.0
200.0
200.0
200.0
200.0
200.0
200.0
200.0
200.0
200.0
200.0
200.0
200.0
200.0
200.0
200.0
200.0
200.0
200.0
200.0
200.0
200.0
200.0
200.0
200.0
200.0
200.0
200.0
200.0
200.0
200.0
200.0
200.0
200.0
200.0
200.0
200.0
200.0
200.0
200.0
200.0
200.0
200.0
200.0
200.0
200.0
200.0
200.0
200.0
200.0
200.0
200.0
200.0
200.0
200.0
200.0
200.0
200.0
200.0
200.0
200.0
200.0
200.0
200.0
200.0
200.0
200.0
200.0
200.0
200.0
200.0
200.0
200.0
200.0
200.0
200.0
200.0
200.0
200.0
200.0
200.0
200.0
200.0
200.0
200.0
200.0
200.0
200.0
200.0
200.0
200.0
200.0
200.0
200.0
200.0
200.0
200.0
200.0
200.0
200.0
200.0
200.0
200.0
200.0
200.0
200.0
200.0
200.0
200.0
200.0
200.0
200.0
200.0
200.0
200.0
200.0
200.0
200.0
200.0
200.0
200.0
200.0
200.0
200.0
200.0
200.0
200.0
200.0
200.0
200.0
200.0
200.0
200.0
200.0
200.0
200.0
200.0
200.0
200.0
200.0
200.0
200.0
200.0
200.0
200.0
200.0
200.0
200.0
200.0
200.0
200.0
200.0
200.0
200.0
200.0
200.0
200.0
200.0
200.0
200.0
200.0
200.0
200.0
200.0
200.0
200.0
200.0
200.0
200.0
200.0
200.0
200.0
200.0
200.0
200.0
200.0
200.0
200.0
200.0
200.0
200.0
200.0
200.0
200.0
200.0
200.0
200.0
200.0
200.0
200.0
200.0
200.0
200.0
200.0
200.0
200.0
200.0
200.0
200.0
200.0
200.0
200.0
200.0
200.0
200.0
200.0
200.0
200.0
200.0
200.0
200.0
200.0
200.0
200.0
200.0
200.0
200.0
200.0
200.0
200.0
200.0
200.0
200.0
200.0
200.0
200.0
200.0
200.0
200.0
200.0
200.0
200.0
200.0
200.0
200.0
200.0
200.0
200.0
200.0
200.0
200.0
200.0
200.0
200.0
200.0
200.0
200.0
200.0
200.0
200.0
200.0
200.0
200.0
200.0
200.0
200.0
200.0
200.0
200.0
200.0
200.0
200.0
200.0
200.0
200.0
200.0
200.0
200.0
200.0
200.0
200.0
200.0
200.0
200.0
200.0
200.0
200.0
200.0
200.0
200.0
200.0
200.0
200.0
200.0
200.0
200.0
200.0
200.0
200.0
200.0
200.0
200.0
200.0
200.0
200.0
200.0
200.0
200.0
200.0
200.0
200.0
200.0
200.0
200.0
200.0
200.0
200.0
200.0
200.0
200.0
200.0
200.0
200.0
200.0
200.0
200.0
200.0
200.0
200.0
200.0
200.0
200.0
200.0
200.0
200.0
200.0
200.0
200.0
200.0
200.0
200.0
200.0
200.0
200.0
200.0
200.0
200.0
200.0
200.0
200.0
200.0
200.0
200.0
200.0
200.0
200.0
200.0
200.0
200.0
200.0
200.0
200.0
200.0
200.0
200.0
200.0
200.0
200.0
200.0
200.0
200.0
200.0
200.0
200.0
200.0
200.0
200.0
200.0
200.0
200.0
200.0
200.0
200.0
200.0
200.0
200.0
200.0
200.0
200.0
200.0
200.0
200.0
200.0
200.0
200.0
200.0
200.0
200.0
200.0
200.0
200.0
200.0
200.0
200.0
200.0
200.0
200.0
200.0
200.0
200.0
200.0
200.0
200.0
200.0
200.0
200.0
200.0
200.0
200.0
200.0
200.0
200.0
200.0
200.0
200.0
200.0
200.0
200.0
200.0
200.0
200.0
200.0
200.0
200.0
200.0
200.0
200.0
200.0
200.0
200.0
200.0
200.0
200.0
200.0
200.0
200.0
200.0
200.0
200.0
200.0
200.0
200.0
200.0
200.0
200.0
200.0
200.0
200.0
200.0
200.0
200.0
200.0
200.0
200.0
200.0
200.0
200.0
200.0
200.0
200.0
200.0
200.0
200.0
200.0
200.0
200.0
200.0
200.0
200.0
200.0
200.0
200.0
200.0
200.0
200.0
200.0
200.0
200.0
200.0
200.0
200.0
200.0
200.0
200.0
200.0
200.0
200.0
200.0
200.0
200.0
200.0
200.0
200.0
200.0
200.0
200.0
200.0
200.0
200.0
200.0
200.0
200.0
200.0
200.0
200.0
200.0
200.0
200.0
200.0
200.0
200.0
200.0
200.0
200.0
200.0
200.0
200.0
200.0
200.0
200.0
200.0
200.0
200.0
200.0
200.0
200.0
200.0
200.0
200.0
200.0
200.0
200.0
200.0
200.0
200.0
200.0
200.0
200.0
200.0
200.0
200.0
200.0
200.0
200.0
200.0
200.0
200.0
200.0
200.0
200.0
200.0
200.0
200.0
200.0
200.0
200.0
200.0
200.0
200.0
200.0
200.0
200.0
200.0
200.0
200.0
200.0
200.0
200.0
200.0
200.0
200.0
200.0
200.0
200.0
200.0
200.0
200.0
200.0
200.0
200.0
200.0
200.0
200.0
200.0
200.0
200.0
200.0
200.0
200.0
200.0
200.0
200.0
200.0
200.0
200.0
200.0
200.0
200.0
200.0
200.0
200.0
200.0
200.0
200.0
200.0
200.0
200.0
200.0
200.0
200.0
200.0
200.0
200.0
200.0
200.0
200.0
200.0
200.0
200.0
200.0
200.0
200.0
200.0
200.0
200.0
200.0
200.0
200.0
200.0
200.0
200.0
200.0
200.0
200.0
200.0
200.0
200.0
200.0
200.0
200.0
200.0
200.0
200.0
200.0
200.0
200.0
200.0
200.0
200.0
200.0
200.0
200.0
200.0
200.0
200.0
200.0
200.0
200.0
200.0
200.0
200.0
200.0
200.0
200.0
200.0
200.0
200.0
200.0
200.0
200.0
200.0
200.0
200.0
200.0
200.0
200.0
200.0
200.0
200.0
200.0
200.0
200.0
200.0
200.0
200.0
200.0
200.0
200.0
200.0
200.0
200.0
200.0
200.0
200.0
200.0
200.0
200.0
200.0
200.0
200.0
200.0
200.0
200.0
200.0
200.0
200.0
200.0
200.0
200.0
200.0
200.0
200.0
200.0
200.0
200.0
200.0
200.0
200.0
200.0
200.0
200.0
200.0
200.0
200.0
200.0
200.0
200.0
200.0
200.0
200.0
200.0
200.0
200.0
200.0
200.0
200.0
200.0
200.0
200.0
200.0
200.0
200.0
200.0
200.0
200.0
200.0
200.0
200.0
200.0
200.0
200.0
200.0
200.0
200.0
200.0
200.0
200.0
200.0
200.0
200.0
200.0
200.0
200.0
200.0
200.0
200.0
200.0
200.0
200.0
200.0
200.0
200.0
200.0
200.0
200.0
200.0
200.0
200.0
200.0
200.0
200.0
200.0
200.0
200.0
200.0
200.0
200.0
200.0
200.0
200.0
200.0
200.0
200.0
200.0
200.0
200.0
200.0
200.0
200.0
200.0
200.0
200.0
200.0
200.0
200.0
200.0
200.0
200.0
200.0
200.0
200.0
200.0
200.0
200.0
200.0
200.0
200.0
200.0
200.0
200.0
200.0
200.0
200.0
200.0
200.0
200.0
200.0
200.0
200.0
200.0
200.0
200.0
200.0
200.0
200.0
200.0
200.0
200.0
200.0
200.0
200.0
200.0
200.0
200.0
200.0
200.0
200.0
200.0
200.0
200.0
200.0
200.0
200.0
200.0
200.0
200.0
200.0
200.0
200.0
200.0
200.0
200.0
200.0
200.0
200.0
200.0
200.0
200.0
200.0
200.0
200.0
200.0
200.0
200.0
200.0
200.0
200.0
200.0
200.0
200.0
200.0
200.0
200.0
200.0
200.0
200.0
200.0
200.0
200.0
200.0
200.0
200.0
200.0
200.0
200.0
200.0
200.0
200.0
200.0
200.0
200.0
200.0
200.0
200.0
200.0
200.0
200.0
200.0
200.0
200.0
200.0
200.0
200.0
200.0
200.0
200.0
200.0
200.0
200.0
200.0
200.0
200.0
200.0
200.0
200.0
200.0
200.0
200.0
200.0
200.0
200.0
200.0
200.0
200.0
200.0
200.0
200.0
200.0
200.0
200.0
200.0
200.0
200.0
200.0
200.0
200.0
200.0
200.0
200.0
200.0
200.0
200.0
200.0
200.0
200.0
200.0
200.0
200.0
200.0
200.0
200.0
200.0
200.0
200.0
200.0
200.0
200.0
200.0
200.0
200.0
200.0
200.0
200.0
200.0
200.0
200.0
200.0
200.0
200.0
200.0
200.0
200.0
200.0
200.0
200.0
200.0
200.0
200.0
200.0
200.0
200.0
200.0
200.0
200.0
200.0
200.0
200.0
200.0
200.0
200.0
200.0
200.0
200.0
200.0
200.0
200.0
200.0
200.0
200.0
200.0
200.0
200.0
200.0
200.0
200.0
200.0
200.0
200.0
200.0
200.0
200.0
200.0
200.0
200.0
200.0
200.0
200.0
200.0
200.0
200.0
200.0
200.0
200.0
200.0
200.0
200.0
200.0
200.0
200.0
200.0
200.0
200.0
200.0
200.0
200.0
200.0
200.0
200.0
200.0
200.0
200.0
200.0
200.0
200.0
200.0
200.0
200.0
200.0
200.0
200.0
200.0
200.0
200.0
200.0
200.0
200.0
200.0
200.0
200.0
200.0
200.0
200.0
200.0
200.0
200.0
200.0
200.0
200.0
200.0
200.0
200.0
200.0
200.0
200.0
200.0
200.0
200.0
200.0
200.0
200.0
200.0
200.0
200.0
200.0
200.0
200.0
200.0
200.0
200.0
200.0
200.0
200.0
200.0
200.0
200.0
200.0
200.0
200.0
200.0
200.0
200.0
200.0
200.0
200.0
200.0
200.0
200.0
200.0
200.0
200.0
200.0
200.0
200.0
200.0
200.0
200.0
200.0
200.0
200.0
200.0
200.0
200.0
200.0
200.0
200.0
200.0
200.0
200.0
200.0
200.0
200.0
200.0
200.0
200.0
200.0
200.0
200.0
200.0
200.0
200.0
200.0
200.0
200.0
200.0
200.0
200.0
200.0
200.0
200.0
200.0
200.0
200.0
200.0
200.0
200.0
200.0
200.0
200.0
200.0
200.0
200.0
200.0
200.0
200.0
200.0
200.0
200.0
200.0
200.0
200.0
200.0
200.0
200.0
200.0
200.0
200.0
200.0
200.0
200.0
200.0
200.0
200.0
200.0
200.0
200.0
200.0
200.0
200.0
200.0
200.0
200.0
200.0
200.0
200.0
200.0
200.0
200.0
200.0
200.0
200.0
200.0
200.0
200.0
200.0
200.0
200.0
200.0
200.0
200.0
200.0
200.0
200.0
200.0
200.0
200.0
200.0
200.0
200.0
200.0
200.0
200.0
200.0
200.0
200.0
200.0
200.0
200.0
200.0
200.0
200.0
200.0
200.0
200.0
200.0
200.0
200.0
200.0
200.0
200.0
200.0
200.0
200.0
200.0
200.0
200.0
200.0
200.0
200.0
200.0
200.0
200.0
200.0
200.0
200.0
200.0
200.0
200.0
200.0
200.0
200.0
200.0
200.0
200.0
200.0
200.0
200.0
200.0
200.0
200.0
200.0
200.0
200.0
200.0
200.0
200.0
200.0
200.0
200.0
200.0
200.0
200.0
200.0
200.0
200.0
