15.0
36.0
18.0
23.0
31.0
31.0
15.0
25.0
16.0
12.0
26.0
16.0
36.0
17.0
29.0
15.0
25.0
39.0
29.0
27.0
22.0
36.0
14.0
56.0
13.0
18.0
37.0
38.0
12.0
12.0
20.0
21.0
42.0
9.0
14.0
65.0
40.0
15.0
18.0
15.0
14.0
14.0
20.0
28.0
17.0
17.0
61.0
10.0
19.0
38.0
39.0
10.0
18.0
29.0
18.0
16.0
48.0
9.0
59.0
13.0
30.0
27.0
18.0
33.0
24.0
33.0
36.0
15.0
11.0
20.0
19.0
54.0
22.0
23.0
14.0
18.0
26.0
11.0
15.0
28.0
15.0
39.0
33.0
31.0
23.0
11.0
18.0
24.0
14.0
19.0
16.0
23.0
51.0
20.0
30.0
15.0
12.0
19.0
12.0
21.0
19.0
11.0
19.0
9.0
13.0
45.0
19.0
11.0
9.0
27.0
20.0
10.0
16.0
24.0
13.0
13.0
12.0
29.0
18.0
9.0
11.0
32.0
12.0
10.0
18.0
41.0
13.0
14.0
21.0
17.0
12.0
12.0
11.0
14.0
8.0
17.0
14.0
11.0
12.0
33.0
11.0
10.0
14.0
10.0
20.0
25.0
19.0
13.0
10.0
32.0
18.0
11.0
14.0
13.0
14.0
21.0
13.0
25.0
16.0
37.0
12.0
11.0
17.0
28.0
10.0
41.0
13.0
27.0
9.0
8.0
11.0
20.0
12.0
21.0
30.0
17.0
22.0
11.0
10.0
20.0
11.0
12.0
15.0
10.0
17.0
15.0
12.0
11.0
17.0
13.0
21.0
9.0
22.0
10.0
18.0
16.0
13.0
16.0
15.0
15.0
20.0
11.0
13.0
12.0
17.0
22.0
23.0
22.0
17.0
17.0
17.0
33.0
24.0
17.0
15.0
17.0
16.0
26.0
19.0
14.0
11.0
15.0
13.0
10.0
19.0
13.0
11.0
20.0
17.0
40.0
13.0
18.0
11.0
12.0
22.0
10.0
20.0
14.0
17.0
11.0
12.0
22.0
11.0
17.0
26.0
11.0
19.0
12.0
11.0
14.0
15.0
15.0
11.0
31.0
14.0
16.0
27.0
13.0
12.0
20.0
12.0
16.0
13.0
24.0
15.0
23.0
11.0
11.0
14.0
18.0
33.0
16.0
29.0
17.0
17.0
19.0
22.0
17.0
18.0
19.0
17.0
21.0
14.0
16.0
20.0
11.0
31.0
45.0
10.0
26.0
12.0
50.0
14.0
14.0
20.0
14.0
14.0
32.0
18.0
16.0
12.0
15.0
20.0
15.0
16.0
14.0
11.0
16.0
17.0
10.0
23.0
25.0
19.0
25.0
22.0
28.0
37.0
26.0
13.0
77.0
23.0
21.0
20.0
32.0
23.0
34.0
23.0
29.0
34.0
18.0
16.0
18.0
20.0
19.0
24.0
20.0
20.0
20.0
16.0
14.0
30.0
32.0
20.0
27.0
20.0
27.0
31.0
16.0
23.0
17.0
26.0
36.0
37.0
19.0
47.0
40.0
31.0
42.0
25.0
36.0
71.0
16.0
49.0
20.0
28.0
32.0
29.0
33.0
35.0
47.0
37.0
29.0
43.0
34.0
34.0
34.0
34.0
68.0
60.0
34.0
24.0
96.0
44.0
28.0
53.0
72.0
34.0
43.0
27.0
32.0
54.0
35.0
53.0
44.0
36.0
38.0
40.0
27.0
53.0
25.0
27.0
26.0
61.0
66.0
51.0
46.0
63.0
53.0
56.0
36.0
53.0
72.0
86.0
97.0
99.0
47.0
55.0
44.0
78.0
127.0
79.0
101.0
112.0
46.0
170.0
123.0
68.0
67.0
47.0
59.0
54.0
106.0
96.0
60.0
59.0
95.0
122.0
113.0
137.0
124.0
57.0
64.0
99.0
131.0
98.0
85.0
83.0
84.0
77.0
108.0
94.0
75.0
65.0
73.0
104.0
72.0
75.0
97.0
88.0
200.0
90.0
76.0
103.0
91.0
71.0
88.0
78.0
200.0
79.0
127.0
73.0
118.0
88.0
77.0
101.0
200.0
131.0
89.0
71.0
85.0
96.0
97.0
90.0
127.0
141.0
131.0
131.0
102.0
99.0
85.0
138.0
78.0
113.0
79.0
110.0
84.0
95.0
98.0
93.0
100.0
101.0
72.0
72.0
139.0
93.0
107.0
75.0
76.0
77.0
84.0
95.0
95.0
83.0
65.0
84.0
78.0
85.0
113.0
87.0
79.0
115.0
88.0
77.0
77.0
115.0
85.0
113.0
95.0
111.0
95.0
127.0
77.0
161.0
83.0
91.0
71.0
97.0
85.0
101.0
73.0
87.0
77.0
78.0
82.0
103.0
108.0
103.0
85.0
82.0
113.0
120.0
110.0
81.0
106.0
91.0
84.0
93.0
99.0
81.0
101.0
137.0
86.0
111.0
85.0
135.0
94.0
200.0
89.0
109.0
78.0
113.0
121.0
118.0
121.0
162.0
164.0
97.0
166.0
125.0
200.0
196.0
104.0
95.0
133.0
200.0
155.0
176.0
117.0
121.0
77.0
140.0
102.0
200.0
131.0
186.0
120.0
148.0
96.0
200.0
162.0
200.0
134.0
200.0
200.0
154.0
200.0
162.0
195.0
185.0
163.0
139.0
200.0
196.0
190.0
180.0
200.0
156.0
160.0
200.0
101.0
200.0
182.0
159.0
173.0
149.0
146.0
126.0
181.0
176.0
148.0
158.0
129.0
173.0
117.0
163.0
134.0
153.0
131.0
112.0
130.0
148.0
200.0
155.0
124.0
132.0
127.0
123.0
136.0
142.0
144.0
118.0
117.0
128.0
102.0
116.0
116.0
144.0
108.0
106.0
114.0
136.0
127.0
115.0
126.0
126.0
128.0
123.0
129.0
130.0
130.0
131.0
132.0
129.0
111.0
135.0
122.0
118.0
140.0
131.0
123.0
130.0
150.0
121.0
176.0
165.0
119.0
150.0
139.0
167.0
146.0
136.0
131.0
116.0
125.0
127.0
129.0
138.0
93.0
107.0
102.0
97.0
110.0
101.0
100.0
119.0
115.0
105.0
81.0
99.0
107.0
100.0
86.0
91.0
86.0
104.0
96.0
80.0
104.0
83.0
117.0
83.0
87.0
129.0
103.0
99.0
81.0
93.0
84.0
95.0
81.0
83.0
70.0
93.0
77.0
70.0
91.0
93.0
75.0
97.0
113.0
78.0
76.0
80.0
64.0
72.0
91.0
96.0
69.0
71.0
101.0
88.0
70.0
82.0
90.0
71.0
89.0
87.0
97.0
83.0
95.0
80.0
84.0
89.0
76.0
87.0
73.0
86.0
85.0
98.0
74.0
94.0
92.0
73.0
80.0
74.0
85.0
90.0
91.0
87.0
92.0
140.0
100.0
84.0
89.0
89.0
98.0
94.0
96.0
103.0
88.0
106.0
104.0
91.0
96.0
101.0
95.0
116.0
125.0
130.0
131.0
129.0
150.0
152.0
132.0
137.0
122.0
126.0
135.0
128.0
124.0
109.0
119.0
125.0
119.0
158.0
127.0
143.0
123.0
136.0
127.0
125.0
127.0
122.0
121.0
129.0
138.0
152.0
129.0
127.0
122.0
121.0
120.0
122.0
146.0
124.0
115.0
137.0
132.0
134.0
143.0
162.0
149.0
185.0
143.0
172.0
167.0
182.0
166.0
200.0
195.0
183.0
189.0
184.0
200.0
139.0
189.0
198.0
200.0
200.0
200.0
177.0
198.0
200.0
195.0
183.0
185.0
164.0
161.0
200.0
200.0
169.0
179.0
200.0
134.0
181.0
200.0
83.0
99.0
132.0
200.0
175.0
200.0
200.0
189.0
189.0
149.0
200.0
179.0
174.0
200.0
161.0
149.0
172.0
200.0
200.0
200.0
200.0
154.0
152.0
186.0
176.0
180.0
200.0
200.0
186.0
200.0
200.0
200.0
200.0
163.0
200.0
200.0
174.0
200.0
170.0
200.0
176.0
200.0
200.0
151.0
184.0
184.0
199.0
168.0
155.0
200.0
200.0
200.0
200.0
180.0
200.0
194.0
200.0
172.0
200.0
161.0
200.0
200.0
200.0
200.0
161.0
200.0
200.0
200.0
200.0
200.0
200.0
164.0
144.0
200.0
190.0
145.0
200.0
145.0
200.0
200.0
200.0
200.0
200.0
200.0
200.0
200.0
200.0
200.0
200.0
200.0
200.0
160.0
200.0
200.0
200.0
200.0
200.0
200.0
200.0
200.0
200.0
200.0
163.0
200.0
200.0
200.0
200.0
200.0
200.0
200.0
200.0
200.0
200.0
200.0
200.0
200.0
200.0
156.0
200.0
200.0
154.0
200.0
200.0
200.0
200.0
200.0
200.0
200.0
200.0
200.0
200.0
200.0
200.0
200.0
200.0
200.0
200.0
200.0
200.0
192.0
200.0
200.0
200.0
200.0
200.0
200.0
200.0
200.0
200.0
200.0
200.0
200.0
200.0
200.0
200.0
200.0
200.0
200.0
200.0
200.0
200.0
200.0
200.0
200.0
200.0
200.0
200.0
200.0
200.0
200.0
200.0
200.0
200.0
200.0
200.0
200.0
200.0
200.0
200.0
200.0
200.0
200.0
200.0
200.0
200.0
200.0
200.0
200.0
200.0
200.0
200.0
200.0
200.0
200.0
200.0
200.0
200.0
200.0
200.0
200.0
200.0
200.0
200.0
200.0
200.0
200.0
200.0
200.0
200.0
200.0
200.0
200.0
200.0
200.0
200.0
200.0
200.0
200.0
200.0
200.0
200.0
200.0
200.0
200.0
200.0
200.0
200.0
200.0
200.0
200.0
200.0
200.0
200.0
200.0
200.0
200.0
200.0
200.0
200.0
200.0
200.0
200.0
200.0
200.0
200.0
200.0
200.0
200.0
200.0
200.0
200.0
200.0
200.0
200.0
200.0
200.0
200.0
200.0
200.0
200.0
200.0
200.0
200.0
200.0
200.0
200.0
200.0
200.0
200.0
200.0
200.0
200.0
200.0
200.0
200.0
200.0
200.0
200.0
200.0
200.0
200.0
200.0
200.0
200.0
200.0
200.0
200.0
200.0
200.0
200.0
200.0
200.0
200.0
200.0
200.0
200.0
200.0
200.0
200.0
200.0
200.0
200.0
200.0
200.0
200.0
200.0
200.0
200.0
200.0
200.0
200.0
200.0
200.0
200.0
200.0
200.0
200.0
200.0
200.0
200.0
200.0
200.0
200.0
200.0
200.0
200.0
200.0
200.0
200.0
200.0
200.0
200.0
200.0
200.0
200.0
200.0
200.0
200.0
200.0
200.0
200.0
200.0
200.0
200.0
200.0
200.0
200.0
200.0
200.0
200.0
200.0
200.0
200.0
200.0
200.0
200.0
200.0
200.0
200.0
200.0
200.0
200.0
200.0
200.0
200.0
200.0
200.0
200.0
200.0
200.0
200.0
200.0
200.0
200.0
200.0
200.0
200.0
200.0
200.0
200.0
200.0
200.0
200.0
200.0
200.0
200.0
200.0
200.0
200.0
200.0
200.0
200.0
200.0
200.0
200.0
200.0
200.0
200.0
200.0
200.0
200.0
200.0
200.0
200.0
200.0
200.0
200.0
200.0
200.0
200.0
200.0
200.0
200.0
200.0
200.0
200.0
200.0
200.0
200.0
200.0
200.0
200.0
200.0
200.0
200.0
200.0
200.0
200.0
200.0
200.0
200.0
200.0
200.0
200.0
200.0
200.0
200.0
200.0
200.0
200.0
200.0
200.0
200.0
200.0
200.0
200.0
200.0
200.0
200.0
200.0
200.0
200.0
200.0
200.0
200.0
200.0
200.0
200.0
200.0
200.0
200.0
200.0
200.0
200.0
200.0
200.0
200.0
200.0
200.0
200.0
200.0
200.0
200.0
200.0
200.0
200.0
200.0
200.0
200.0
200.0
200.0
200.0
200.0
200.0
200.0
200.0
200.0
200.0
200.0
200.0
200.0
200.0
200.0
200.0
200.0
200.0
200.0
200.0
200.0
200.0
200.0
200.0
200.0
200.0
200.0
200.0
200.0
200.0
200.0
200.0
200.0
200.0
200.0
200.0
200.0
200.0
200.0
200.0
200.0
200.0
200.0
200.0
200.0
200.0
200.0
200.0
200.0
200.0
200.0
200.0
200.0
200.0
200.0
200.0
200.0
200.0
200.0
200.0
200.0
200.0
200.0
200.0
200.0
200.0
200.0
200.0
200.0
200.0
200.0
200.0
200.0
200.0
200.0
200.0
200.0
200.0
200.0
200.0
200.0
200.0
200.0
200.0
200.0
200.0
200.0
200.0
200.0
200.0
200.0
200.0
200.0
200.0
200.0
200.0
200.0
200.0
200.0
200.0
200.0
200.0
200.0
200.0
200.0
200.0
200.0
200.0
200.0
200.0
200.0
200.0
200.0
200.0
200.0
200.0
200.0
200.0
200.0
200.0
200.0
200.0
200.0
200.0
200.0
200.0
200.0
200.0
200.0
200.0
200.0
200.0
200.0
200.0
200.0
200.0
200.0
200.0
200.0
200.0
200.0
200.0
200.0
200.0
200.0
200.0
200.0
200.0
200.0
200.0
200.0
200.0
200.0
200.0
200.0
200.0
200.0
200.0
200.0
200.0
200.0
200.0
200.0
200.0
200.0
200.0
200.0
200.0
200.0
200.0
200.0
200.0
200.0
200.0
200.0
200.0
200.0
200.0
200.0
200.0
200.0
200.0
200.0
200.0
200.0
200.0
200.0
200.0
200.0
200.0
200.0
200.0
200.0
200.0
200.0
200.0
200.0
200.0
200.0
200.0
200.0
200.0
200.0
200.0
200.0
200.0
200.0
200.0
200.0
200.0
200.0
200.0
200.0
200.0
200.0
200.0
200.0
200.0
200.0
200.0
200.0
200.0
200.0
200.0
200.0
200.0
200.0
200.0
200.0
200.0
200.0
200.0
200.0
200.0
200.0
200.0
200.0
200.0
200.0
200.0
200.0
200.0
200.0
200.0
200.0
200.0
200.0
200.0
200.0
200.0
200.0
200.0
200.0
200.0
200.0
200.0
200.0
200.0
200.0
200.0
200.0
200.0
200.0
200.0
200.0
200.0
200.0
200.0
200.0
200.0
200.0
200.0
200.0
200.0
200.0
200.0
200.0
200.0
200.0
200.0
200.0
200.0
200.0
200.0
200.0
200.0
200.0
200.0
200.0
200.0
200.0
200.0
200.0
200.0
200.0
200.0
200.0
200.0
200.0
200.0
200.0
200.0
200.0
200.0
200.0
200.0
200.0
200.0
200.0
200.0
200.0
200.0
200.0
200.0
200.0
200.0
200.0
200.0
200.0
200.0
200.0
200.0
200.0
200.0
200.0
200.0
200.0
200.0
200.0
200.0
200.0
200.0
200.0
200.0
200.0
200.0
200.0
200.0
200.0
200.0
200.0
200.0
200.0
200.0
200.0
200.0
200.0
200.0
200.0
200.0
200.0
200.0
200.0
200.0
200.0
200.0
200.0
200.0
200.0
200.0
200.0
200.0
200.0
200.0
200.0
200.0
200.0
200.0
200.0
200.0
200.0
200.0
200.0
200.0
200.0
200.0
200.0
200.0
200.0
200.0
200.0
200.0
200.0
200.0
200.0
200.0
200.0
200.0
200.0
200.0
200.0
200.0
200.0
200.0
200.0
200.0
200.0
200.0
200.0
200.0
200.0
200.0
200.0
200.0
200.0
200.0
200.0
200.0
200.0
200.0
200.0
200.0
200.0
200.0
200.0
200.0
200.0
200.0
200.0
200.0
200.0
200.0
200.0
200.0
200.0
200.0
200.0
200.0
200.0
200.0
200.0
200.0
200.0
200.0
200.0
200.0
200.0
200.0
200.0
200.0
200.0
200.0
200.0
200.0
200.0
200.0
200.0
200.0
200.0
200.0
200.0
200.0
200.0
200.0
200.0
200.0
200.0
200.0
200.0
200.0
200.0
200.0
200.0
200.0
200.0
200.0
200.0
200.0
200.0
200.0
200.0
200.0
200.0
200.0
200.0
200.0
200.0
200.0
200.0
200.0
200.0
200.0
200.0
200.0
200.0
200.0
200.0
200.0
200.0
200.0
200.0
200.0
200.0
200.0
200.0
200.0
200.0
200.0
200.0
200.0
200.0
200.0
200.0
200.0
200.0
200.0
200.0
200.0
200.0
200.0
200.0
200.0
200.0
200.0
200.0
200.0
200.0
200.0
200.0
200.0
200.0
200.0
200.0
200.0
200.0
200.0
200.0
200.0
200.0
200.0
200.0
200.0
200.0
200.0
200.0
200.0
200.0
200.0
200.0
200.0
200.0
200.0
200.0
200.0
200.0
200.0
200.0
200.0
200.0
200.0
200.0
200.0
200.0
200.0
200.0
200.0
200.0
200.0
200.0
200.0
200.0
200.0
200.0
200.0
200.0
200.0
200.0
200.0
200.0
200.0
200.0
200.0
200.0
200.0
200.0
200.0
200.0
200.0
200.0
200.0
200.0
200.0
200.0
200.0
200.0
200.0
200.0
200.0
200.0
200.0
200.0
200.0
200.0
200.0
200.0
200.0
200.0
200.0
200.0
200.0
200.0
200.0
200.0
200.0
200.0
200.0
200.0
200.0
200.0
200.0
200.0
200.0
200.0
200.0
200.0
200.0
200.0
200.0
200.0
200.0
200.0
200.0
200.0
200.0
200.0
200.0
200.0
200.0
200.0
200.0
200.0
200.0
200.0
200.0
200.0
200.0
200.0
200.0
200.0
200.0
200.0
200.0
200.0
200.0
200.0
200.0
