19.0
12.0
19.0
19.0
11.0
31.0
17.0
11.0
15.0
26.0
32.0
26.0
12.0
25.0
15.0
9.0
18.0
22.0
26.0
21.0
28.0
11.0
18.0
15.0
13.0
27.0
18.0
10.0
15.0
25.0
17.0
19.0
15.0
18.0
22.0
18.0
17.0
11.0
18.0
14.0
41.0
19.0
14.0
17.0
18.0
13.0
17.0
15.0
27.0
15.0
14.0
24.0
20.0
14.0
29.0
20.0
16.0
15.0
47.0
42.0
23.0
11.0
13.0
32.0
11.0
14.0
14.0
12.0
12.0
55.0
19.0
15.0
30.0
12.0
16.0
9.0
9.0
14.0
11.0
22.0
21.0
19.0
17.0
13.0
11.0
47.0
27.0
22.0
16.0
16.0
23.0
26.0
16.0
13.0
13.0
14.0
22.0
27.0
11.0
10.0
10.0
10.0
27.0
13.0
12.0
32.0
26.0
18.0
31.0
12.0
43.0
25.0
20.0
11.0
16.0
12.0
19.0
12.0
27.0
14.0
18.0
22.0
12.0
13.0
18.0
12.0
10.0
19.0
12.0
18.0
18.0
11.0
20.0
16.0
10.0
17.0
14.0
14.0
25.0
23.0
10.0
14.0
15.0
33.0
15.0
25.0
28.0
13.0
24.0
14.0
24.0
21.0
21.0
9.0
15.0
21.0
19.0
14.0
26.0
11.0
21.0
16.0
13.0
16.0
15.0
14.0
16.0
10.0
17.0
16.0
11.0
11.0
14.0
12.0
16.0
14.0
10.0
33.0
40.0
10.0
16.0
14.0
16.0
55.0
12.0
34.0
28.0
32.0
11.0
13.0
21.0
19.0
18.0
25.0
16.0
25.0
22.0
12.0
16.0
17.0
12.0
14.0
10.0
16.0
17.0
12.0
13.0
18.0
15.0
11.0
17.0
10.0
11.0
12.0
20.0
11.0
13.0
16.0
14.0
17.0
22.0
14.0
17.0
19.0
16.0
34.0
12.0
40.0
27.0
38.0
12.0
20.0
28.0
13.0
19.0
19.0
15.0
23.0
13.0
20.0
15.0
12.0
29.0
10.0
13.0
39.0
13.0
26.0
12.0
22.0
14.0
15.0
20.0
12.0
21.0
20.0
18.0
40.0
18.0
10.0
49.0
15.0
17.0
13.0
21.0
10.0
15.0
26.0
18.0
18.0
14.0
20.0
20.0
18.0
12.0
26.0
25.0
24.0
21.0
13.0
22.0
19.0
16.0
12.0
16.0
13.0
32.0
35.0
32.0
17.0
16.0
20.0
25.0
30.0
28.0
31.0
21.0
32.0
24.0
17.0
25.0
33.0
12.0
12.0
19.0
26.0
26.0
25.0
30.0
30.0
20.0
18.0
37.0
20.0
19.0
32.0
33.0
26.0
26.0
16.0
32.0
25.0
30.0
19.0
11.0
32.0
29.0
52.0
37.0
44.0
53.0
31.0
15.0
26.0
26.0
37.0
23.0
31.0
27.0
22.0
10.0
23.0
35.0
22.0
32.0
41.0
22.0
19.0
29.0
23.0
18.0
38.0
27.0
28.0
35.0
132.0
54.0
44.0
82.0
41.0
54.0
40.0
26.0
35.0
47.0
52.0
32.0
40.0
37.0
49.0
52.0
32.0
66.0
69.0
151.0
71.0
46.0
49.0
56.0
115.0
139.0
45.0
56.0
56.0
61.0
75.0
83.0
118.0
179.0
80.0
139.0
86.0
76.0
97.0
88.0
57.0
88.0
111.0
55.0
82.0
69.0
61.0
59.0
64.0
117.0
64.0
75.0
72.0
92.0
93.0
83.0
134.0
74.0
132.0
97.0
200.0
108.0
105.0
92.0
130.0
74.0
94.0
86.0
153.0
167.0
114.0
76.0
86.0
82.0
65.0
152.0
68.0
101.0
133.0
101.0
100.0
119.0
78.0
75.0
197.0
78.0
81.0
119.0
83.0
181.0
84.0
83.0
67.0
93.0
127.0
92.0
200.0
125.0
111.0
101.0
75.0
93.0
101.0
77.0
77.0
122.0
89.0
77.0
139.0
137.0
96.0
77.0
99.0
105.0
83.0
117.0
95.0
97.0
111.0
120.0
73.0
80.0
94.0
80.0
120.0
89.0
80.0
85.0
105.0
88.0
86.0
86.0
108.0
80.0
84.0
83.0
86.0
103.0
82.0
118.0
98.0
94.0
96.0
103.0
105.0
87.0
97.0
88.0
115.0
95.0
103.0
95.0
103.0
93.0
111.0
88.0
94.0
88.0
126.0
81.0
122.0
84.0
102.0
77.0
94.0
78.0
96.0
77.0
79.0
103.0
78.0
91.0
93.0
85.0
98.0
128.0
100.0
94.0
104.0
93.0
137.0
100.0
110.0
80.0
89.0
97.0
88.0
96.0
87.0
77.0
121.0
100.0
93.0
99.0
87.0
112.0
132.0
117.0
106.0
123.0
94.0
105.0
92.0
89.0
155.0
166.0
114.0
129.0
200.0
150.0
156.0
187.0
117.0
101.0
127.0
185.0
96.0
200.0
200.0
142.0
200.0
125.0
157.0
160.0
200.0
200.0
200.0
200.0
200.0
200.0
200.0
200.0
145.0
152.0
151.0
200.0
143.0
132.0
131.0
134.0
200.0
199.0
200.0
200.0
195.0
200.0
200.0
134.0
200.0
177.0
200.0
196.0
200.0
121.0
121.0
200.0
200.0
197.0
200.0
200.0
200.0
200.0
197.0
200.0
173.0
179.0
200.0
200.0
200.0
137.0
200.0
200.0
184.0
200.0
200.0
165.0
193.0
200.0
200.0
200.0
199.0
197.0
200.0
191.0
195.0
157.0
169.0
176.0
200.0
175.0
170.0
169.0
199.0
200.0
200.0
184.0
189.0
198.0
178.0
147.0
174.0
177.0
159.0
180.0
200.0
158.0
176.0
170.0
165.0
157.0
200.0
164.0
162.0
166.0
197.0
165.0
187.0
180.0
188.0
176.0
181.0
170.0
165.0
159.0
156.0
173.0
159.0
151.0
178.0
185.0
163.0
172.0
177.0
155.0
162.0
166.0
183.0
177.0
176.0
176.0
159.0
155.0
159.0
160.0
161.0
179.0
160.0
155.0
200.0
163.0
173.0
198.0
200.0
167.0
174.0
192.0
186.0
167.0
171.0
195.0
167.0
165.0
176.0
159.0
200.0
166.0
184.0
174.0
153.0
191.0
188.0
175.0
180.0
191.0
200.0
188.0
185.0
179.0
200.0
172.0
183.0
173.0
185.0
167.0
161.0
200.0
200.0
200.0
185.0
200.0
200.0
183.0
200.0
197.0
200.0
190.0
200.0
200.0
200.0
200.0
200.0
200.0
194.0
200.0
200.0
200.0
200.0
200.0
200.0
200.0
200.0
200.0
200.0
200.0
200.0
156.0
200.0
200.0
200.0
200.0
200.0
123.0
200.0
159.0
200.0
200.0
200.0
175.0
200.0
200.0
200.0
200.0
130.0
193.0
200.0
200.0
187.0
160.0
114.0
127.0
200.0
200.0
200.0
183.0
200.0
200.0
200.0
158.0
200.0
200.0
200.0
200.0
200.0
200.0
200.0
200.0
200.0
200.0
200.0
200.0
200.0
200.0
200.0
200.0
200.0
200.0
200.0
200.0
200.0
200.0
200.0
200.0
200.0
200.0
200.0
200.0
200.0
200.0
200.0
200.0
200.0
200.0
200.0
200.0
200.0
200.0
200.0
200.0
200.0
200.0
200.0
200.0
200.0
200.0
200.0
200.0
200.0
200.0
200.0
200.0
200.0
200.0
200.0
200.0
200.0
200.0
200.0
200.0
200.0
200.0
200.0
200.0
200.0
200.0
200.0
200.0
200.0
200.0
200.0
200.0
200.0
200.0
200.0
200.0
200.0
200.0
200.0
200.0
200.0
200.0
200.0
200.0
200.0
200.0
200.0
200.0
200.0
200.0
200.0
200.0
200.0
200.0
200.0
200.0
200.0
200.0
200.0
200.0
200.0
200.0
200.0
200.0
200.0
200.0
200.0
200.0
200.0
200.0
200.0
200.0
200.0
200.0
200.0
200.0
200.0
200.0
200.0
200.0
200.0
200.0
200.0
200.0
200.0
200.0
200.0
200.0
200.0
200.0
200.0
200.0
200.0
200.0
200.0
200.0
200.0
200.0
200.0
200.0
200.0
200.0
200.0
200.0
200.0
200.0
200.0
200.0
200.0
200.0
200.0
200.0
200.0
200.0
200.0
200.0
200.0
200.0
200.0
200.0
200.0
200.0
200.0
200.0
200.0
200.0
200.0
200.0
200.0
200.0
200.0
200.0
200.0
200.0
200.0
200.0
200.0
200.0
200.0
200.0
200.0
200.0
200.0
200.0
200.0
200.0
200.0
200.0
200.0
200.0
200.0
200.0
200.0
200.0
200.0
200.0
200.0
200.0
200.0
200.0
200.0
200.0
200.0
200.0
200.0
200.0
200.0
200.0
200.0
200.0
200.0
200.0
200.0
200.0
200.0
200.0
200.0
200.0
200.0
200.0
200.0
200.0
200.0
200.0
200.0
200.0
200.0
200.0
200.0
200.0
200.0
200.0
200.0
200.0
200.0
200.0
200.0
200.0
200.0
200.0
200.0
200.0
200.0
200.0
200.0
200.0
200.0
200.0
200.0
200.0
200.0
200.0
200.0
200.0
200.0
200.0
200.0
200.0
200.0
200.0
200.0
200.0
200.0
200.0
200.0
200.0
200.0
200.0
200.0
200.0
200.0
200.0
200.0
200.0
200.0
200.0
200.0
200.0
200.0
200.0
200.0
200.0
200.0
200.0
200.0
200.0
200.0
200.0
200.0
200.0
200.0
200.0
200.0
200.0
200.0
200.0
200.0
200.0
200.0
200.0
200.0
200.0
200.0
200.0
200.0
200.0
200.0
200.0
200.0
200.0
200.0
200.0
200.0
200.0
200.0
200.0
200.0
200.0
200.0
200.0
200.0
200.0
200.0
200.0
200.0
200.0
200.0
200.0
200.0
200.0
200.0
200.0
200.0
200.0
200.0
200.0
200.0
200.0
200.0
200.0
200.0
200.0
200.0
200.0
200.0
200.0
200.0
200.0
200.0
200.0
200.0
200.0
200.0
200.0
200.0
200.0
200.0
200.0
200.0
200.0
200.0
200.0
200.0
200.0
200.0
200.0
200.0
200.0
200.0
200.0
200.0
200.0
200.0
200.0
200.0
200.0
200.0
200.0
200.0
200.0
200.0
200.0
200.0
200.0
200.0
200.0
200.0
200.0
200.0
200.0
200.0
200.0
200.0
200.0
200.0
200.0
200.0
200.0
200.0
200.0
200.0
200.0
200.0
200.0
200.0
200.0
200.0
200.0
200.0
200.0
200.0
200.0
200.0
200.0
200.0
200.0
200.0
200.0
200.0
200.0
200.0
200.0
200.0
200.0
200.0
200.0
200.0
200.0
200.0
200.0
200.0
200.0
200.0
200.0
200.0
200.0
200.0
200.0
200.0
200.0
200.0
200.0
200.0
200.0
200.0
200.0
200.0
200.0
200.0
200.0
200.0
200.0
200.0
200.0
200.0
200.0
200.0
200.0
200.0
200.0
200.0
200.0
200.0
200.0
200.0
200.0
200.0
200.0
200.0
200.0
200.0
200.0
200.0
200.0
200.0
200.0
200.0
200.0
200.0
200.0
200.0
200.0
200.0
200.0
200.0
200.0
200.0
200.0
200.0
200.0
200.0
200.0
200.0
200.0
200.0
200.0
200.0
200.0
200.0
200.0
200.0
200.0
200.0
200.0
200.0
200.0
200.0
200.0
200.0
200.0
200.0
200.0
200.0
200.0
200.0
200.0
200.0
200.0
200.0
200.0
200.0
200.0
200.0
200.0
200.0
200.0
200.0
200.0
200.0
200.0
200.0
200.0
200.0
200.0
200.0
200.0
200.0
200.0
200.0
200.0
200.0
200.0
200.0
200.0
200.0
200.0
200.0
200.0
200.0
200.0
200.0
200.0
200.0
200.0
200.0
200.0
200.0
200.0
200.0
200.0
200.0
200.0
200.0
200.0
200.0
200.0
200.0
200.0
200.0
200.0
200.0
200.0
200.0
200.0
200.0
200.0
200.0
200.0
200.0
200.0
200.0
200.0
200.0
200.0
200.0
200.0
200.0
200.0
200.0
200.0
200.0
200.0
200.0
200.0
200.0
200.0
200.0
200.0
200.0
200.0
200.0
200.0
200.0
200.0
200.0
200.0
200.0
200.0
200.0
200.0
200.0
200.0
200.0
200.0
200.0
200.0
200.0
200.0
200.0
200.0
200.0
200.0
200.0
200.0
200.0
200.0
200.0
200.0
200.0
200.0
200.0
200.0
200.0
200.0
200.0
200.0
200.0
200.0
200.0
200.0
200.0
200.0
200.0
200.0
200.0
200.0
200.0
200.0
200.0
200.0
200.0
200.0
200.0
200.0
200.0
200.0
200.0
200.0
200.0
200.0
200.0
200.0
200.0
200.0
200.0
200.0
200.0
200.0
200.0
200.0
200.0
200.0
200.0
200.0
200.0
200.0
200.0
200.0
200.0
200.0
200.0
200.0
200.0
200.0
200.0
200.0
200.0
200.0
200.0
200.0
200.0
200.0
200.0
200.0
200.0
200.0
200.0
200.0
200.0
200.0
200.0
200.0
200.0
200.0
200.0
200.0
200.0
200.0
200.0
200.0
200.0
200.0
200.0
200.0
200.0
200.0
200.0
200.0
200.0
200.0
200.0
200.0
200.0
200.0
200.0
200.0
200.0
200.0
200.0
200.0
200.0
200.0
200.0
200.0
200.0
200.0
200.0
200.0
200.0
200.0
200.0
200.0
200.0
200.0
200.0
200.0
200.0
200.0
200.0
200.0
200.0
200.0
200.0
200.0
200.0
200.0
200.0
200.0
200.0
200.0
200.0
200.0
200.0
200.0
200.0
200.0
200.0
200.0
200.0
200.0
200.0
200.0
200.0
200.0
200.0
200.0
200.0
200.0
200.0
200.0
200.0
200.0
200.0
200.0
200.0
200.0
200.0
200.0
200.0
200.0
200.0
200.0
200.0
200.0
200.0
200.0
200.0
200.0
200.0
200.0
200.0
200.0
200.0
200.0
200.0
200.0
200.0
200.0
200.0
200.0
200.0
200.0
200.0
200.0
200.0
200.0
200.0
200.0
200.0
200.0
200.0
200.0
200.0
200.0
200.0
200.0
200.0
200.0
200.0
200.0
200.0
200.0
200.0
200.0
200.0
200.0
200.0
200.0
200.0
200.0
200.0
200.0
200.0
200.0
200.0
200.0
200.0
200.0
200.0
200.0
200.0
200.0
200.0
200.0
200.0
200.0
200.0
200.0
200.0
200.0
200.0
200.0
200.0
200.0
200.0
200.0
200.0
200.0
200.0
200.0
200.0
200.0
200.0
200.0
200.0
200.0
200.0
200.0
200.0
200.0
200.0
200.0
200.0
200.0
200.0
200.0
200.0
200.0
200.0
200.0
200.0
200.0
200.0
200.0
200.0
200.0
200.0
200.0
200.0
200.0
200.0
200.0
200.0
200.0
200.0
200.0
200.0
200.0
200.0
200.0
200.0
200.0
200.0
200.0
200.0
200.0
200.0
200.0
200.0
200.0
200.0
200.0
200.0
200.0
200.0
200.0
200.0
200.0
200.0
200.0
200.0
200.0
200.0
200.0
200.0
200.0
200.0
200.0
200.0
200.0
200.0
200.0
200.0
200.0
200.0
200.0
200.0
200.0
200.0
200.0
200.0
200.0
200.0
200.0
200.0
200.0
200.0
200.0
200.0
200.0
200.0
200.0
200.0
200.0
200.0
200.0
200.0
200.0
200.0
200.0
200.0
200.0
200.0
200.0
200.0
200.0
200.0
200.0
200.0
200.0
200.0
200.0
200.0
200.0
200.0
200.0
200.0
200.0
200.0
200.0
200.0
200.0
200.0
200.0
200.0
200.0
200.0
200.0
200.0
200.0
200.0
200.0
200.0
200.0
200.0
200.0
200.0
200.0
200.0
200.0
200.0
200.0
200.0
200.0
200.0
200.0
200.0
200.0
200.0
200.0
200.0
200.0
200.0
200.0
200.0
200.0
200.0
200.0
200.0
200.0
200.0
200.0
200.0
200.0
200.0
200.0
200.0
200.0
200.0
200.0
200.0
200.0
200.0
200.0
200.0
200.0
200.0
200.0
200.0
200.0
200.0
200.0
200.0
200.0
200.0
200.0
200.0
200.0
200.0
200.0
200.0
200.0
200.0
200.0
200.0
200.0
200.0
200.0
200.0
200.0
200.0
200.0
200.0
200.0
200.0
200.0
200.0
200.0
200.0
200.0
200.0
200.0
200.0
200.0
200.0
200.0
200.0
200.0
200.0
200.0
200.0
200.0
200.0
200.0
200.0
200.0
200.0
200.0
200.0
200.0
200.0
200.0
200.0
200.0
200.0
200.0
200.0
200.0
200.0
200.0
200.0
200.0
200.0
200.0
200.0
200.0
200.0
200.0
200.0
200.0
200.0
200.0
200.0
200.0
200.0
200.0
200.0
200.0
200.0
200.0
200.0
200.0
200.0
200.0
200.0
200.0
200.0
200.0
200.0
200.0
200.0
200.0
200.0
200.0
200.0
200.0
200.0
200.0
200.0
200.0
200.0
200.0
200.0
200.0
200.0
200.0
200.0
200.0
200.0
200.0
200.0
200.0
200.0
200.0
200.0
200.0
200.0
200.0
200.0
200.0
200.0
200.0
200.0
200.0
200.0
200.0
200.0
200.0
200.0
200.0
200.0
200.0
200.0
200.0
200.0
200.0
200.0
200.0
200.0
200.0
200.0
200.0
200.0
200.0
200.0
200.0
200.0
