31.0
15.0
24.0
22.0
15.0
61.0
28.0
15.0
25.0
38.0
33.0
18.0
22.0
22.0
19.0
22.0
29.0
10.0
11.0
14.0
11.0
20.0
14.0
10.0
20.0
20.0
23.0
14.0
18.0
36.0
45.0
45.0
13.0
50.0
23.0
16.0
21.0
13.0
19.0
14.0
10.0
28.0
11.0
19.0
27.0
13.0
21.0
12.0
31.0
14.0
26.0
11.0
30.0
10.0
13.0
13.0
9.0
24.0
42.0
20.0
27.0
36.0
16.0
27.0
31.0
20.0
27.0
10.0
17.0
27.0
37.0
20.0
16.0
26.0
10.0
19.0
11.0
12.0
22.0
22.0
15.0
12.0
17.0
21.0
12.0
29.0
17.0
10.0
11.0
14.0
56.0
54.0
15.0
37.0
12.0
13.0
28.0
25.0
13.0
23.0
19.0
12.0
13.0
12.0
15.0
17.0
15.0
14.0
27.0
12.0
17.0
14.0
15.0
15.0
17.0
20.0
21.0
12.0
46.0
12.0
13.0
11.0
24.0
12.0
20.0
13.0
36.0
15.0
16.0
16.0
18.0
11.0
11.0
11.0
20.0
16.0
11.0
38.0
22.0
21.0
15.0
20.0
19.0
15.0
12.0
18.0
17.0
13.0
14.0
37.0
8.0
22.0
17.0
18.0
15.0
16.0
13.0
24.0
13.0
13.0
16.0
28.0
10.0
12.0
15.0
27.0
11.0
15.0
9.0
17.0
22.0
25.0
23.0
20.0
10.0
20.0
14.0
16.0
12.0
19.0
14.0
20.0
14.0
21.0
13.0
15.0
39.0
27.0
11.0
11.0
12.0
12.0
13.0
20.0
13.0
14.0
14.0
17.0
20.0
14.0
12.0
39.0
14.0
13.0
18.0
16.0
12.0
31.0
21.0
15.0
30.0
17.0
53.0
24.0
18.0
32.0
18.0
18.0
24.0
12.0
17.0
11.0
31.0
23.0
26.0
59.0
14.0
18.0
22.0
15.0
16.0
28.0
15.0
15.0
60.0
25.0
15.0
23.0
23.0
23.0
22.0
21.0
16.0
22.0
18.0
14.0
28.0
22.0
18.0
17.0
19.0
19.0
22.0
25.0
17.0
24.0
26.0
26.0
21.0
31.0
13.0
22.0
12.0
17.0
20.0
13.0
23.0
24.0
14.0
22.0
17.0
20.0
17.0
22.0
17.0
32.0
20.0
19.0
31.0
11.0
25.0
59.0
22.0
22.0
36.0
19.0
17.0
14.0
21.0
30.0
15.0
19.0
35.0
17.0
44.0
16.0
26.0
50.0
10.0
34.0
16.0
18.0
29.0
19.0
24.0
28.0
19.0
19.0
24.0
36.0
16.0
25.0
22.0
19.0
36.0
31.0
30.0
14.0
23.0
28.0
22.0
27.0
24.0
22.0
22.0
15.0
18.0
29.0
18.0
26.0
22.0
29.0
19.0
36.0
27.0
35.0
26.0
46.0
29.0
36.0
41.0
83.0
35.0
28.0
43.0
57.0
32.0
102.0
41.0
41.0
47.0
38.0
58.0
49.0
34.0
30.0
84.0
60.0
58.0
43.0
54.0
48.0
146.0
26.0
68.0
37.0
60.0
45.0
47.0
44.0
38.0
41.0
45.0
79.0
33.0
45.0
30.0
84.0
84.0
59.0
136.0
83.0
81.0
66.0
83.0
78.0
54.0
111.0
75.0
94.0
90.0
95.0
109.0
80.0
78.0
60.0
91.0
116.0
117.0
200.0
107.0
115.0
200.0
88.0
95.0
200.0
66.0
99.0
116.0
108.0
147.0
200.0
165.0
118.0
200.0
100.0
148.0
78.0
86.0
69.0
145.0
95.0
115.0
82.0
100.0
98.0
82.0
78.0
86.0
125.0
82.0
101.0
101.0
92.0
94.0
87.0
105.0
154.0
99.0
100.0
111.0
112.0
110.0
82.0
98.0
106.0
112.0
78.0
81.0
112.0
68.0
100.0
102.0
79.0
93.0
73.0
90.0
88.0
134.0
94.0
105.0
90.0
108.0
100.0
107.0
106.0
85.0
111.0
97.0
107.0
100.0
122.0
111.0
132.0
167.0
200.0
142.0
125.0
119.0
107.0
150.0
117.0
105.0
153.0
107.0
167.0
174.0
154.0
117.0
104.0
118.0
111.0
166.0
115.0
123.0
141.0
123.0
105.0
121.0
100.0
101.0
108.0
117.0
123.0
106.0
99.0
104.0
128.0
117.0
123.0
117.0
102.0
99.0
118.0
163.0
143.0
157.0
110.0
105.0
149.0
119.0
133.0
145.0
97.0
111.0
111.0
103.0
136.0
107.0
137.0
153.0
174.0
126.0
119.0
200.0
97.0
145.0
134.0
125.0
200.0
133.0
141.0
135.0
200.0
127.0
164.0
200.0
133.0
139.0
183.0
180.0
200.0
175.0
189.0
137.0
160.0
125.0
200.0
142.0
152.0
176.0
151.0
130.0
167.0
200.0
200.0
200.0
200.0
200.0
200.0
200.0
200.0
181.0
192.0
138.0
200.0
200.0
200.0
182.0
200.0
200.0
200.0
200.0
200.0
165.0
200.0
144.0
200.0
190.0
200.0
200.0
200.0
176.0
155.0
153.0
200.0
177.0
195.0
141.0
200.0
200.0
172.0
174.0
179.0
182.0
187.0
196.0
146.0
180.0
200.0
200.0
200.0
154.0
200.0
152.0
172.0
166.0
139.0
180.0
147.0
200.0
200.0
164.0
144.0
186.0
168.0
200.0
163.0
200.0
154.0
169.0
183.0
155.0
127.0
198.0
200.0
200.0
189.0
145.0
163.0
164.0
164.0
200.0
184.0
200.0
166.0
161.0
157.0
155.0
200.0
158.0
154.0
175.0
151.0
187.0
159.0
131.0
131.0
146.0
141.0
165.0
159.0
154.0
150.0
176.0
156.0
180.0
155.0
126.0
154.0
163.0
171.0
157.0
184.0
171.0
151.0
145.0
166.0
139.0
139.0
163.0
144.0
191.0
153.0
171.0
165.0
159.0
143.0
165.0
143.0
163.0
165.0
135.0
148.0
156.0
175.0
170.0
172.0
162.0
189.0
170.0
190.0
151.0
183.0
163.0
151.0
169.0
200.0
166.0
157.0
200.0
200.0
169.0
200.0
200.0
200.0
200.0
200.0
167.0
200.0
155.0
167.0
173.0
169.0
200.0
187.0
200.0
200.0
173.0
185.0
178.0
200.0
200.0
200.0
200.0
200.0
171.0
187.0
200.0
200.0
200.0
200.0
200.0
169.0
177.0
178.0
177.0
200.0
200.0
168.0
177.0
200.0
154.0
200.0
200.0
156.0
134.0
200.0
200.0
200.0
151.0
195.0
200.0
191.0
200.0
200.0
194.0
200.0
200.0
200.0
184.0
200.0
157.0
200.0
187.0
200.0
184.0
200.0
197.0
177.0
200.0
200.0
200.0
200.0
200.0
200.0
108.0
198.0
200.0
200.0
200.0
200.0
200.0
200.0
198.0
200.0
200.0
200.0
146.0
200.0
197.0
156.0
200.0
200.0
200.0
200.0
200.0
200.0
200.0
200.0
200.0
200.0
200.0
200.0
200.0
168.0
200.0
200.0
200.0
200.0
200.0
200.0
175.0
200.0
200.0
200.0
200.0
200.0
200.0
200.0
200.0
200.0
200.0
200.0
200.0
171.0
158.0
184.0
200.0
200.0
200.0
200.0
200.0
199.0
200.0
136.0
200.0
196.0
200.0
200.0
200.0
200.0
200.0
200.0
200.0
200.0
200.0
200.0
200.0
200.0
200.0
200.0
200.0
181.0
200.0
200.0
200.0
200.0
200.0
200.0
200.0
200.0
200.0
200.0
200.0
200.0
200.0
200.0
200.0
200.0
200.0
200.0
200.0
200.0
200.0
200.0
200.0
200.0
200.0
200.0
200.0
200.0
200.0
200.0
200.0
200.0
200.0
200.0
200.0
200.0
200.0
200.0
200.0
200.0
200.0
200.0
200.0
200.0
200.0
200.0
200.0
200.0
200.0
200.0
200.0
200.0
200.0
200.0
200.0
200.0
200.0
200.0
200.0
200.0
200.0
200.0
200.0
200.0
200.0
200.0
200.0
200.0
200.0
200.0
200.0
200.0
200.0
200.0
200.0
200.0
200.0
200.0
200.0
200.0
200.0
200.0
200.0
200.0
200.0
200.0
200.0
200.0
200.0
200.0
200.0
200.0
200.0
200.0
200.0
200.0
200.0
200.0
200.0
200.0
200.0
200.0
200.0
200.0
200.0
200.0
200.0
200.0
200.0
200.0
200.0
200.0
200.0
200.0
200.0
200.0
200.0
200.0
200.0
200.0
200.0
200.0
200.0
200.0
200.0
200.0
200.0
200.0
200.0
200.0
200.0
200.0
200.0
200.0
200.0
200.0
200.0
200.0
200.0
200.0
200.0
200.0
200.0
200.0
200.0
200.0
200.0
200.0
200.0
200.0
200.0
200.0
200.0
200.0
200.0
200.0
200.0
200.0
200.0
200.0
200.0
200.0
200.0
200.0
200.0
200.0
200.0
200.0
200.0
200.0
200.0
200.0
200.0
200.0
200.0
200.0
200.0
200.0
200.0
200.0
200.0
200.0
200.0
200.0
200.0
200.0
200.0
200.0
200.0
200.0
200.0
200.0
200.0
200.0
200.0
200.0
200.0
200.0
200.0
200.0
200.0
200.0
200.0
200.0
200.0
200.0
200.0
200.0
200.0
200.0
200.0
200.0
200.0
200.0
200.0
200.0
200.0
200.0
200.0
200.0
200.0
200.0
200.0
200.0
200.0
200.0
200.0
200.0
200.0
200.0
200.0
200.0
200.0
200.0
200.0
200.0
200.0
200.0
200.0
200.0
200.0
200.0
200.0
200.0
200.0
200.0
200.0
200.0
200.0
200.0
200.0
200.0
200.0
200.0
200.0
200.0
200.0
200.0
200.0
200.0
200.0
200.0
200.0
200.0
200.0
200.0
200.0
200.0
200.0
200.0
200.0
200.0
200.0
200.0
200.0
200.0
200.0
200.0
200.0
200.0
200.0
200.0
200.0
200.0
200.0
200.0
200.0
200.0
200.0
200.0
200.0
200.0
200.0
200.0
200.0
200.0
200.0
200.0
200.0
200.0
200.0
200.0
200.0
200.0
200.0
200.0
200.0
200.0
200.0
200.0
200.0
200.0
200.0
200.0
200.0
200.0
200.0
200.0
200.0
200.0
200.0
200.0
200.0
200.0
200.0
200.0
200.0
200.0
200.0
200.0
200.0
200.0
200.0
200.0
200.0
200.0
200.0
200.0
200.0
200.0
200.0
200.0
200.0
200.0
200.0
200.0
200.0
200.0
200.0
200.0
200.0
200.0
200.0
200.0
200.0
200.0
200.0
200.0
200.0
200.0
200.0
200.0
200.0
200.0
200.0
200.0
200.0
200.0
200.0
200.0
200.0
200.0
200.0
200.0
200.0
200.0
200.0
200.0
200.0
200.0
200.0
200.0
200.0
200.0
200.0
200.0
200.0
200.0
200.0
200.0
200.0
200.0
200.0
200.0
200.0
200.0
200.0
200.0
200.0
200.0
200.0
200.0
200.0
200.0
200.0
200.0
200.0
200.0
200.0
200.0
200.0
200.0
200.0
200.0
200.0
200.0
200.0
200.0
200.0
200.0
200.0
200.0
200.0
200.0
200.0
200.0
200.0
200.0
200.0
200.0
200.0
200.0
200.0
200.0
200.0
200.0
200.0
200.0
200.0
200.0
200.0
200.0
200.0
200.0
200.0
200.0
200.0
200.0
200.0
200.0
200.0
200.0
200.0
200.0
200.0
200.0
200.0
200.0
200.0
200.0
200.0
200.0
200.0
200.0
200.0
200.0
200.0
200.0
200.0
200.0
200.0
200.0
200.0
200.0
200.0
200.0
200.0
200.0
200.0
200.0
200.0
200.0
200.0
200.0
200.0
200.0
200.0
200.0
200.0
200.0
200.0
200.0
200.0
200.0
200.0
200.0
200.0
200.0
200.0
200.0
200.0
200.0
200.0
200.0
200.0
200.0
200.0
200.0
200.0
200.0
200.0
200.0
200.0
200.0
200.0
200.0
200.0
200.0
200.0
200.0
200.0
200.0
200.0
200.0
200.0
200.0
200.0
200.0
200.0
200.0
200.0
200.0
200.0
200.0
200.0
200.0
200.0
200.0
200.0
200.0
200.0
200.0
200.0
200.0
200.0
200.0
200.0
200.0
200.0
200.0
200.0
200.0
200.0
200.0
200.0
200.0
200.0
200.0
200.0
200.0
200.0
200.0
200.0
200.0
200.0
200.0
200.0
200.0
200.0
200.0
200.0
200.0
200.0
200.0
200.0
200.0
200.0
200.0
200.0
200.0
200.0
200.0
200.0
200.0
200.0
200.0
200.0
200.0
200.0
200.0
200.0
200.0
200.0
200.0
200.0
200.0
200.0
200.0
200.0
200.0
200.0
200.0
200.0
200.0
200.0
200.0
200.0
200.0
200.0
200.0
200.0
200.0
200.0
200.0
200.0
200.0
200.0
200.0
200.0
200.0
200.0
200.0
200.0
200.0
200.0
200.0
200.0
200.0
200.0
200.0
200.0
200.0
200.0
200.0
200.0
200.0
200.0
200.0
200.0
200.0
200.0
200.0
200.0
200.0
200.0
200.0
200.0
200.0
200.0
200.0
200.0
200.0
200.0
200.0
200.0
200.0
200.0
200.0
200.0
200.0
200.0
200.0
200.0
200.0
200.0
200.0
200.0
200.0
200.0
200.0
200.0
200.0
200.0
200.0
200.0
200.0
200.0
200.0
200.0
200.0
200.0
200.0
200.0
200.0
200.0
200.0
200.0
200.0
200.0
200.0
200.0
200.0
200.0
200.0
200.0
200.0
200.0
200.0
200.0
200.0
200.0
200.0
200.0
200.0
200.0
200.0
200.0
200.0
200.0
200.0
200.0
200.0
200.0
200.0
200.0
200.0
200.0
200.0
200.0
200.0
200.0
200.0
200.0
200.0
200.0
200.0
200.0
200.0
200.0
200.0
200.0
200.0
200.0
200.0
200.0
200.0
200.0
200.0
200.0
200.0
200.0
200.0
200.0
200.0
200.0
200.0
200.0
200.0
200.0
200.0
200.0
200.0
200.0
200.0
200.0
200.0
200.0
200.0
200.0
200.0
200.0
200.0
200.0
200.0
200.0
200.0
200.0
200.0
200.0
200.0
200.0
200.0
200.0
200.0
200.0
200.0
200.0
200.0
200.0
200.0
200.0
200.0
200.0
200.0
200.0
200.0
200.0
200.0
200.0
200.0
200.0
200.0
200.0
200.0
200.0
200.0
200.0
200.0
200.0
200.0
200.0
200.0
200.0
200.0
200.0
200.0
200.0
200.0
200.0
200.0
200.0
200.0
200.0
200.0
200.0
200.0
200.0
200.0
200.0
200.0
200.0
200.0
200.0
200.0
200.0
200.0
200.0
200.0
200.0
200.0
200.0
200.0
200.0
200.0
200.0
200.0
200.0
200.0
200.0
200.0
200.0
200.0
200.0
200.0
200.0
200.0
200.0
200.0
200.0
200.0
200.0
200.0
200.0
200.0
200.0
200.0
200.0
200.0
200.0
200.0
200.0
200.0
200.0
200.0
200.0
200.0
200.0
200.0
200.0
200.0
200.0
200.0
200.0
200.0
200.0
200.0
200.0
200.0
200.0
200.0
200.0
200.0
200.0
200.0
200.0
200.0
200.0
200.0
200.0
200.0
200.0
200.0
200.0
200.0
200.0
200.0
200.0
200.0
200.0
200.0
200.0
200.0
200.0
200.0
200.0
200.0
200.0
200.0
200.0
200.0
200.0
200.0
200.0
200.0
200.0
200.0
200.0
200.0
200.0
200.0
200.0
200.0
200.0
200.0
200.0
200.0
200.0
200.0
200.0
200.0
200.0
200.0
200.0
200.0
200.0
200.0
200.0
200.0
200.0
200.0
200.0
200.0
200.0
200.0
200.0
200.0
200.0
200.0
200.0
200.0
200.0
200.0
200.0
200.0
200.0
200.0
200.0
200.0
200.0
200.0
200.0
200.0
200.0
200.0
200.0
200.0
200.0
200.0
200.0
200.0
200.0
200.0
200.0
200.0
200.0
200.0
200.0
200.0
200.0
200.0
200.0
200.0
200.0
200.0
200.0
200.0
200.0
200.0
200.0
200.0
200.0
200.0
200.0
200.0
200.0
200.0
200.0
200.0
200.0
200.0
200.0
200.0
200.0
200.0
200.0
200.0
200.0
200.0
200.0
200.0
200.0
200.0
200.0
200.0
200.0
200.0
200.0
200.0
200.0
200.0
200.0
200.0
200.0
200.0
200.0
200.0
200.0
200.0
200.0
200.0
200.0
200.0
200.0
200.0
200.0
200.0
200.0
200.0
200.0
200.0
200.0
200.0
200.0
200.0
200.0
200.0
200.0
200.0
200.0
200.0
200.0
200.0
200.0
200.0
200.0
200.0
200.0
200.0
200.0
200.0
200.0
200.0
200.0
200.0
200.0
200.0
200.0
200.0
200.0
200.0
200.0
200.0
200.0
200.0
200.0
200.0
200.0
200.0
200.0
200.0
200.0
200.0
200.0
200.0
200.0
200.0
200.0
200.0
200.0
200.0
200.0
200.0
200.0
200.0
200.0
200.0
200.0
200.0
200.0
200.0
200.0
200.0
200.0
200.0
200.0
200.0
200.0
200.0
200.0
200.0
200.0
200.0
200.0
200.0
200.0
200.0
200.0
200.0
200.0
200.0
200.0
200.0
200.0
200.0
200.0
200.0
200.0
200.0
200.0
200.0
200.0
200.0
200.0
200.0
200.0
200.0
