12.0
9.0
13.0
18.0
11.0
17.0
12.0
20.0
20.0
22.0
15.0
17.0
11.0
18.0
29.0
16.0
33.0
10.0
17.0
21.0
10.0
18.0
11.0
12.0
40.0
19.0
16.0
12.0
19.0
14.0
26.0
13.0
9.0
11.0
22.0
15.0
17.0
15.0
17.0
18.0
14.0
14.0
28.0
22.0
13.0
11.0
11.0
25.0
14.0
12.0
29.0
22.0
25.0
15.0
18.0
14.0
12.0
13.0
20.0
14.0
16.0
27.0
9.0
10.0
11.0
14.0
22.0
18.0
33.0
15.0
25.0
16.0
19.0
17.0
23.0
16.0
9.0
20.0
14.0
18.0
22.0
20.0
11.0
44.0
18.0
21.0
12.0
24.0
33.0
22.0
14.0
12.0
11.0
12.0
8.0
14.0
38.0
13.0
9.0
19.0
21.0
20.0
18.0
14.0
28.0
26.0
12.0
15.0
18.0
24.0
15.0
11.0
28.0
39.0
13.0
49.0
28.0
12.0
35.0
39.0
23.0
14.0
29.0
32.0
15.0
39.0
14.0
14.0
18.0
33.0
12.0
12.0
19.0
17.0
52.0
17.0
12.0
14.0
21.0
20.0
16.0
11.0
15.0
16.0
16.0
10.0
14.0
12.0
17.0
18.0
20.0
28.0
11.0
12.0
14.0
28.0
11.0
31.0
12.0
12.0
13.0
10.0
11.0
15.0
14.0
13.0
24.0
31.0
26.0
29.0
14.0
24.0
24.0
9.0
13.0
27.0
17.0
20.0
35.0
22.0
11.0
43.0
19.0
13.0
29.0
17.0
15.0
14.0
17.0
16.0
14.0
15.0
14.0
10.0
32.0
13.0
14.0
10.0
20.0
13.0
9.0
9.0
57.0
16.0
10.0
13.0
21.0
25.0
10.0
15.0
11.0
15.0
16.0
47.0
14.0
15.0
22.0
18.0
22.0
17.0
12.0
20.0
11.0
105.0
21.0
18.0
16.0
18.0
23.0
19.0
15.0
13.0
15.0
19.0
17.0
19.0
14.0
20.0
37.0
13.0
13.0
22.0
13.0
15.0
32.0
15.0
11.0
12.0
18.0
21.0
17.0
12.0
12.0
17.0
11.0
10.0
15.0
17.0
24.0
23.0
13.0
14.0
31.0
29.0
24.0
19.0
16.0
22.0
28.0
28.0
22.0
25.0
16.0
13.0
19.0
31.0
26.0
16.0
29.0
34.0
51.0
21.0
30.0
19.0
15.0
16.0
16.0
13.0
20.0
48.0
24.0
15.0
19.0
31.0
19.0
17.0
29.0
25.0
21.0
18.0
22.0
24.0
68.0
19.0
17.0
23.0
60.0
26.0
27.0
28.0
29.0
47.0
28.0
28.0
23.0
83.0
76.0
49.0
42.0
22.0
47.0
42.0
24.0
18.0
48.0
69.0
25.0
16.0
18.0
33.0
23.0
67.0
49.0
30.0
55.0
56.0
46.0
40.0
26.0
32.0
45.0
44.0
106.0
42.0
42.0
104.0
70.0
36.0
55.0
50.0
31.0
53.0
34.0
38.0
60.0
97.0
37.0
61.0
42.0
42.0
83.0
37.0
48.0
115.0
102.0
73.0
42.0
48.0
50.0
93.0
54.0
45.0
60.0
75.0
71.0
110.0
54.0
59.0
72.0
64.0
69.0
94.0
103.0
80.0
71.0
93.0
118.0
99.0
139.0
79.0
78.0
83.0
200.0
73.0
68.0
124.0
200.0
103.0
192.0
140.0
157.0
74.0
94.0
139.0
81.0
104.0
87.0
168.0
66.0
102.0
125.0
128.0
200.0
200.0
200.0
115.0
101.0
107.0
62.0
77.0
89.0
60.0
90.0
107.0
77.0
73.0
74.0
128.0
51.0
68.0
69.0
88.0
71.0
72.0
85.0
86.0
75.0
75.0
98.0
85.0
72.0
49.0
70.0
70.0
82.0
64.0
62.0
57.0
83.0
96.0
72.0
76.0
81.0
70.0
71.0
102.0
99.0
88.0
92.0
104.0
80.0
94.0
87.0
85.0
76.0
85.0
102.0
84.0
95.0
81.0
102.0
89.0
91.0
90.0
80.0
115.0
82.0
102.0
107.0
103.0
99.0
113.0
122.0
97.0
107.0
110.0
103.0
93.0
109.0
92.0
100.0
90.0
94.0
119.0
104.0
108.0
94.0
89.0
97.0
99.0
85.0
114.0
112.0
91.0
114.0
100.0
112.0
111.0
102.0
109.0
102.0
104.0
106.0
103.0
99.0
113.0
105.0
94.0
129.0
102.0
100.0
102.0
107.0
119.0
121.0
122.0
125.0
133.0
132.0
102.0
113.0
112.0
130.0
129.0
110.0
125.0
129.0
115.0
115.0
117.0
112.0
139.0
125.0
131.0
140.0
147.0
135.0
131.0
147.0
126.0
172.0
151.0
159.0
169.0
145.0
143.0
147.0
151.0
140.0
137.0
133.0
115.0
149.0
130.0
166.0
123.0
126.0
161.0
157.0
129.0
155.0
127.0
135.0
139.0
137.0
125.0
182.0
165.0
145.0
149.0
194.0
168.0
173.0
200.0
200.0
200.0
200.0
200.0
200.0
200.0
200.0
200.0
200.0
200.0
200.0
200.0
194.0
200.0
200.0
200.0
200.0
200.0
200.0
200.0
200.0
200.0
200.0
200.0
199.0
200.0
185.0
200.0
200.0
200.0
200.0
200.0
200.0
200.0
200.0
169.0
200.0
200.0
200.0
200.0
200.0
200.0
200.0
200.0
200.0
200.0
200.0
200.0
200.0
200.0
200.0
200.0
200.0
200.0
200.0
200.0
200.0
200.0
183.0
200.0
200.0
200.0
200.0
200.0
200.0
200.0
200.0
187.0
200.0
200.0
200.0
200.0
200.0
200.0
197.0
199.0
200.0
200.0
200.0
200.0
200.0
200.0
186.0
200.0
200.0
200.0
200.0
200.0
200.0
200.0
200.0
200.0
200.0
200.0
200.0
200.0
200.0
200.0
200.0
200.0
200.0
200.0
200.0
200.0
200.0
200.0
200.0
200.0
200.0
200.0
200.0
200.0
200.0
200.0
200.0
200.0
200.0
200.0
200.0
200.0
200.0
200.0
200.0
184.0
200.0
200.0
200.0
200.0
200.0
200.0
200.0
200.0
200.0
200.0
200.0
187.0
200.0
200.0
193.0
200.0
168.0
200.0
188.0
200.0
200.0
200.0
189.0
200.0
200.0
200.0
134.0
200.0
200.0
160.0
170.0
200.0
191.0
200.0
185.0
200.0
200.0
183.0
200.0
163.0
200.0
195.0
200.0
200.0
196.0
181.0
200.0
200.0
183.0
164.0
200.0
200.0
200.0
179.0
200.0
200.0
200.0
187.0
143.0
200.0
171.0
167.0
200.0
156.0
194.0
196.0
200.0
179.0
162.0
177.0
200.0
200.0
200.0
182.0
200.0
200.0
200.0
200.0
200.0
200.0
200.0
200.0
200.0
200.0
200.0
200.0
200.0
200.0
200.0
200.0
200.0
200.0
200.0
200.0
200.0
200.0
200.0
200.0
200.0
200.0
200.0
200.0
200.0
200.0
200.0
200.0
200.0
200.0
200.0
200.0
200.0
200.0
200.0
200.0
200.0
200.0
200.0
200.0
200.0
200.0
200.0
200.0
200.0
200.0
200.0
200.0
200.0
200.0
200.0
200.0
200.0
200.0
200.0
200.0
200.0
200.0
200.0
200.0
200.0
200.0
200.0
200.0
200.0
200.0
200.0
200.0
200.0
200.0
200.0
200.0
200.0
200.0
192.0
200.0
200.0
200.0
200.0
200.0
200.0
200.0
200.0
200.0
200.0
200.0
200.0
200.0
200.0
200.0
200.0
200.0
200.0
193.0
200.0
200.0
200.0
200.0
200.0
200.0
200.0
200.0
200.0
200.0
200.0
200.0
200.0
200.0
200.0
198.0
200.0
200.0
200.0
200.0
200.0
200.0
200.0
173.0
188.0
197.0
200.0
196.0
200.0
198.0
200.0
200.0
200.0
198.0
200.0
189.0
185.0
200.0
175.0
164.0
200.0
184.0
199.0
162.0
200.0
198.0
185.0
199.0
177.0
185.0
200.0
198.0
197.0
192.0
197.0
200.0
193.0
200.0
200.0
200.0
200.0
200.0
200.0
200.0
200.0
200.0
200.0
200.0
200.0
200.0
200.0
200.0
200.0
200.0
200.0
200.0
200.0
200.0
200.0
200.0
200.0
200.0
200.0
200.0
200.0
200.0
200.0
200.0
200.0
200.0
200.0
200.0
200.0
200.0
200.0
200.0
200.0
200.0
200.0
200.0
200.0
200.0
200.0
200.0
200.0
200.0
200.0
200.0
200.0
200.0
200.0
200.0
200.0
200.0
200.0
200.0
200.0
200.0
200.0
200.0
200.0
200.0
200.0
200.0
200.0
200.0
200.0
200.0
200.0
200.0
200.0
200.0
200.0
200.0
200.0
200.0
200.0
200.0
200.0
200.0
200.0
200.0
200.0
200.0
200.0
200.0
200.0
200.0
200.0
200.0
200.0
200.0
200.0
200.0
200.0
200.0
200.0
200.0
200.0
200.0
200.0
200.0
200.0
200.0
200.0
200.0
200.0
200.0
200.0
200.0
200.0
200.0
200.0
200.0
200.0
200.0
200.0
200.0
200.0
200.0
200.0
200.0
200.0
200.0
200.0
200.0
200.0
200.0
200.0
200.0
200.0
200.0
200.0
200.0
200.0
200.0
200.0
200.0
200.0
200.0
200.0
200.0
200.0
200.0
200.0
200.0
200.0
200.0
200.0
200.0
200.0
200.0
200.0
200.0
200.0
200.0
200.0
200.0
200.0
200.0
200.0
200.0
200.0
200.0
200.0
200.0
200.0
200.0
200.0
200.0
200.0
200.0
200.0
200.0
200.0
200.0
200.0
200.0
200.0
200.0
200.0
200.0
200.0
200.0
200.0
200.0
200.0
200.0
200.0
200.0
200.0
200.0
200.0
200.0
200.0
200.0
200.0
200.0
200.0
200.0
200.0
200.0
200.0
200.0
200.0
200.0
200.0
200.0
200.0
200.0
200.0
200.0
200.0
200.0
200.0
200.0
200.0
200.0
200.0
200.0
200.0
200.0
200.0
200.0
200.0
200.0
200.0
200.0
200.0
200.0
200.0
200.0
200.0
200.0
200.0
200.0
200.0
200.0
200.0
200.0
200.0
200.0
200.0
200.0
200.0
200.0
200.0
200.0
200.0
200.0
200.0
200.0
200.0
200.0
200.0
200.0
200.0
200.0
200.0
200.0
200.0
200.0
200.0
200.0
200.0
200.0
200.0
200.0
200.0
200.0
200.0
200.0
200.0
200.0
200.0
200.0
200.0
200.0
200.0
200.0
200.0
200.0
200.0
200.0
200.0
200.0
200.0
200.0
200.0
200.0
200.0
200.0
200.0
200.0
200.0
200.0
200.0
200.0
200.0
200.0
200.0
200.0
200.0
200.0
200.0
200.0
200.0
200.0
200.0
200.0
200.0
200.0
200.0
200.0
200.0
200.0
200.0
200.0
200.0
200.0
200.0
200.0
200.0
200.0
200.0
200.0
200.0
200.0
200.0
200.0
200.0
200.0
200.0
200.0
200.0
200.0
200.0
200.0
200.0
200.0
200.0
200.0
200.0
200.0
200.0
200.0
200.0
200.0
200.0
200.0
200.0
200.0
200.0
200.0
200.0
200.0
200.0
200.0
200.0
200.0
200.0
200.0
200.0
200.0
200.0
200.0
200.0
200.0
200.0
200.0
200.0
200.0
200.0
200.0
200.0
200.0
200.0
200.0
200.0
200.0
200.0
200.0
200.0
200.0
200.0
200.0
200.0
200.0
200.0
200.0
200.0
200.0
200.0
200.0
200.0
200.0
200.0
200.0
200.0
200.0
200.0
200.0
200.0
200.0
200.0
200.0
200.0
200.0
200.0
200.0
200.0
200.0
200.0
200.0
200.0
200.0
200.0
200.0
200.0
200.0
200.0
200.0
200.0
200.0
200.0
200.0
200.0
200.0
200.0
200.0
200.0
200.0
200.0
200.0
200.0
200.0
200.0
200.0
200.0
200.0
200.0
200.0
200.0
200.0
200.0
200.0
200.0
200.0
200.0
200.0
200.0
200.0
200.0
200.0
200.0
200.0
200.0
200.0
200.0
200.0
200.0
200.0
200.0
200.0
200.0
200.0
200.0
200.0
200.0
200.0
200.0
200.0
200.0
200.0
200.0
200.0
200.0
200.0
200.0
200.0
200.0
200.0
200.0
200.0
200.0
200.0
200.0
200.0
200.0
200.0
200.0
200.0
200.0
200.0
200.0
200.0
200.0
200.0
200.0
200.0
200.0
200.0
200.0
200.0
200.0
200.0
200.0
200.0
200.0
200.0
200.0
200.0
200.0
200.0
200.0
200.0
200.0
200.0
200.0
200.0
200.0
200.0
200.0
200.0
200.0
200.0
200.0
200.0
200.0
200.0
200.0
200.0
200.0
200.0
200.0
200.0
200.0
200.0
200.0
200.0
200.0
200.0
200.0
200.0
200.0
200.0
200.0
200.0
200.0
200.0
200.0
200.0
200.0
200.0
200.0
200.0
200.0
200.0
200.0
200.0
200.0
200.0
200.0
200.0
200.0
200.0
200.0
200.0
200.0
200.0
200.0
200.0
200.0
200.0
200.0
200.0
200.0
200.0
200.0
200.0
200.0
200.0
200.0
200.0
200.0
200.0
200.0
200.0
200.0
200.0
200.0
200.0
200.0
200.0
200.0
200.0
200.0
200.0
200.0
200.0
200.0
200.0
200.0
200.0
200.0
200.0
200.0
200.0
200.0
200.0
200.0
200.0
200.0
200.0
200.0
200.0
200.0
200.0
200.0
200.0
200.0
200.0
200.0
200.0
200.0
200.0
200.0
200.0
200.0
200.0
200.0
200.0
200.0
200.0
200.0
200.0
200.0
200.0
200.0
200.0
200.0
200.0
200.0
200.0
200.0
200.0
200.0
200.0
200.0
200.0
200.0
200.0
200.0
200.0
200.0
200.0
200.0
200.0
200.0
200.0
200.0
200.0
200.0
200.0
200.0
200.0
200.0
200.0
200.0
200.0
200.0
200.0
200.0
200.0
200.0
200.0
200.0
200.0
200.0
200.0
200.0
200.0
200.0
200.0
200.0
200.0
200.0
200.0
200.0
200.0
200.0
200.0
200.0
200.0
200.0
200.0
200.0
200.0
200.0
200.0
200.0
200.0
200.0
200.0
200.0
200.0
200.0
200.0
200.0
200.0
200.0
200.0
200.0
200.0
200.0
200.0
200.0
200.0
200.0
200.0
200.0
200.0
200.0
200.0
200.0
200.0
200.0
200.0
200.0
200.0
200.0
200.0
200.0
200.0
200.0
200.0
200.0
200.0
200.0
200.0
200.0
200.0
200.0
200.0
200.0
200.0
200.0
200.0
200.0
200.0
200.0
200.0
200.0
200.0
200.0
200.0
200.0
200.0
200.0
200.0
200.0
200.0
200.0
200.0
200.0
200.0
200.0
200.0
200.0
200.0
200.0
200.0
200.0
200.0
200.0
200.0
200.0
200.0
200.0
200.0
200.0
200.0
200.0
200.0
200.0
200.0
200.0
200.0
200.0
200.0
200.0
200.0
200.0
200.0
200.0
200.0
200.0
200.0
200.0
200.0
200.0
200.0
200.0
200.0
200.0
200.0
200.0
200.0
200.0
200.0
200.0
200.0
200.0
200.0
200.0
200.0
200.0
200.0
200.0
200.0
200.0
200.0
200.0
200.0
200.0
200.0
200.0
200.0
200.0
200.0
200.0
200.0
200.0
200.0
200.0
200.0
200.0
200.0
200.0
200.0
200.0
200.0
200.0
200.0
200.0
200.0
200.0
200.0
200.0
200.0
200.0
200.0
200.0
200.0
200.0
200.0
200.0
200.0
200.0
200.0
200.0
200.0
200.0
200.0
200.0
200.0
200.0
200.0
200.0
200.0
200.0
200.0
200.0
200.0
200.0
200.0
200.0
200.0
200.0
200.0
200.0
200.0
200.0
200.0
200.0
200.0
200.0
200.0
200.0
200.0
200.0
200.0
200.0
200.0
200.0
200.0
200.0
200.0
200.0
200.0
200.0
200.0
200.0
200.0
200.0
200.0
200.0
200.0
200.0
200.0
200.0
200.0
200.0
200.0
200.0
200.0
200.0
200.0
200.0
200.0
200.0
200.0
200.0
200.0
200.0
200.0
200.0
200.0
200.0
200.0
200.0
200.0
200.0
200.0
200.0
200.0
200.0
200.0
200.0
200.0
200.0
200.0
200.0
200.0
200.0
200.0
200.0
200.0
200.0
200.0
200.0
200.0
200.0
200.0
200.0
200.0
200.0
200.0
200.0
200.0
200.0
200.0
200.0
200.0
200.0
200.0
200.0
200.0
200.0
200.0
200.0
200.0
200.0
200.0
200.0
200.0
200.0
200.0
200.0
200.0
200.0
200.0
200.0
200.0
200.0
200.0
200.0
200.0
200.0
200.0
200.0
200.0
200.0
200.0
200.0
200.0
200.0
200.0
200.0
200.0
200.0
200.0
200.0
200.0
200.0
200.0
200.0
200.0
200.0
200.0
200.0
200.0
200.0
200.0
200.0
200.0
200.0
200.0
200.0
200.0
200.0
200.0
200.0
200.0
200.0
200.0
200.0
200.0
200.0
200.0
200.0
200.0
200.0
200.0
200.0
200.0
200.0
200.0
200.0
200.0
200.0
200.0
200.0
200.0
200.0
200.0
200.0
200.0
200.0
200.0
200.0
200.0
200.0
200.0
200.0
200.0
200.0
200.0
200.0
200.0
