20.0
17.0
18.0
23.0
14.0
58.0
27.0
36.0
13.0
8.0
30.0
15.0
26.0
15.0
17.0
14.0
21.0
55.0
11.0
10.0
16.0
14.0
21.0
15.0
22.0
14.0
37.0
38.0
12.0
27.0
15.0
12.0
17.0
16.0
35.0
21.0
9.0
11.0
16.0
35.0
22.0
15.0
19.0
19.0
24.0
19.0
25.0
27.0
10.0
43.0
14.0
12.0
12.0
12.0
12.0
12.0
14.0
10.0
13.0
20.0
9.0
21.0
15.0
18.0
21.0
29.0
19.0
17.0
13.0
20.0
33.0
12.0
14.0
22.0
19.0
18.0
11.0
20.0
21.0
20.0
13.0
11.0
19.0
14.0
22.0
12.0
13.0
15.0
32.0
16.0
20.0
36.0
13.0
13.0
31.0
40.0
19.0
18.0
28.0
10.0
16.0
13.0
13.0
28.0
25.0
19.0
17.0
12.0
51.0
15.0
22.0
10.0
10.0
24.0
21.0
18.0
9.0
18.0
13.0
15.0
11.0
11.0
8.0
14.0
10.0
16.0
35.0
14.0
26.0
26.0
17.0
12.0
32.0
48.0
25.0
14.0
20.0
17.0
27.0
13.0
10.0
15.0
20.0
22.0
13.0
12.0
12.0
20.0
13.0
47.0
13.0
17.0
10.0
12.0
14.0
27.0
9.0
16.0
14.0
12.0
11.0
14.0
42.0
16.0
11.0
10.0
14.0
13.0
20.0
18.0
22.0
13.0
9.0
15.0
15.0
15.0
13.0
17.0
20.0
23.0
9.0
16.0
12.0
9.0
24.0
23.0
12.0
16.0
18.0
32.0
16.0
16.0
10.0
13.0
21.0
14.0
17.0
11.0
14.0
13.0
18.0
13.0
11.0
12.0
18.0
14.0
16.0
10.0
18.0
29.0
13.0
16.0
9.0
21.0
13.0
17.0
15.0
9.0
18.0
15.0
15.0
11.0
30.0
15.0
15.0
15.0
14.0
10.0
23.0
24.0
19.0
58.0
23.0
16.0
17.0
51.0
16.0
29.0
31.0
15.0
19.0
34.0
21.0
18.0
74.0
13.0
20.0
18.0
31.0
23.0
10.0
27.0
11.0
16.0
35.0
31.0
20.0
17.0
26.0
25.0
27.0
13.0
19.0
12.0
22.0
29.0
22.0
34.0
28.0
17.0
30.0
24.0
47.0
24.0
28.0
13.0
13.0
17.0
14.0
34.0
19.0
43.0
28.0
37.0
33.0
41.0
34.0
29.0
16.0
26.0
41.0
58.0
18.0
25.0
58.0
18.0
28.0
20.0
31.0
22.0
36.0
26.0
27.0
36.0
108.0
33.0
74.0
43.0
32.0
78.0
27.0
33.0
62.0
33.0
19.0
28.0
40.0
24.0
44.0
37.0
23.0
31.0
33.0
38.0
39.0
83.0
59.0
49.0
40.0
40.0
25.0
44.0
65.0
43.0
31.0
65.0
47.0
32.0
79.0
113.0
38.0
23.0
32.0
69.0
72.0
70.0
92.0
130.0
50.0
95.0
50.0
64.0
59.0
48.0
67.0
63.0
70.0
74.0
78.0
125.0
62.0
67.0
71.0
99.0
84.0
94.0
98.0
89.0
140.0
93.0
57.0
112.0
200.0
106.0
110.0
200.0
86.0
71.0
135.0
163.0
67.0
63.0
126.0
79.0
146.0
92.0
100.0
98.0
124.0
94.0
137.0
100.0
91.0
163.0
99.0
83.0
88.0
81.0
124.0
120.0
171.0
119.0
101.0
103.0
92.0
82.0
98.0
130.0
82.0
127.0
115.0
115.0
148.0
110.0
121.0
99.0
88.0
118.0
107.0
96.0
93.0
95.0
100.0
137.0
98.0
121.0
91.0
118.0
103.0
88.0
117.0
84.0
101.0
95.0
101.0
72.0
99.0
110.0
98.0
104.0
88.0
85.0
98.0
94.0
89.0
91.0
82.0
84.0
112.0
88.0
90.0
86.0
95.0
110.0
85.0
98.0
94.0
95.0
109.0
92.0
91.0
95.0
119.0
99.0
114.0
96.0
86.0
111.0
92.0
99.0
89.0
103.0
88.0
92.0
95.0
98.0
75.0
83.0
96.0
102.0
93.0
94.0
97.0
106.0
91.0
95.0
90.0
87.0
100.0
102.0
102.0
101.0
110.0
118.0
104.0
104.0
116.0
95.0
106.0
102.0
110.0
118.0
103.0
110.0
104.0
101.0
117.0
99.0
125.0
94.0
109.0
92.0
100.0
99.0
119.0
98.0
122.0
131.0
95.0
110.0
125.0
105.0
121.0
106.0
128.0
119.0
102.0
112.0
101.0
125.0
147.0
101.0
113.0
108.0
197.0
121.0
124.0
175.0
110.0
179.0
120.0
111.0
200.0
123.0
165.0
147.0
163.0
200.0
129.0
200.0
200.0
173.0
200.0
200.0
160.0
164.0
159.0
200.0
200.0
200.0
200.0
200.0
200.0
200.0
200.0
200.0
200.0
200.0
200.0
200.0
200.0
200.0
200.0
200.0
200.0
200.0
200.0
200.0
200.0
200.0
200.0
151.0
200.0
200.0
200.0
200.0
200.0
200.0
170.0
200.0
200.0
200.0
200.0
200.0
200.0
200.0
200.0
200.0
200.0
200.0
200.0
200.0
200.0
200.0
200.0
191.0
200.0
200.0
200.0
200.0
200.0
200.0
200.0
200.0
135.0
200.0
200.0
200.0
200.0
200.0
200.0
200.0
200.0
200.0
200.0
200.0
200.0
200.0
200.0
200.0
200.0
200.0
200.0
200.0
200.0
200.0
161.0
200.0
200.0
180.0
198.0
200.0
200.0
200.0
200.0
200.0
163.0
200.0
200.0
200.0
200.0
200.0
195.0
200.0
200.0
200.0
200.0
200.0
200.0
200.0
200.0
200.0
200.0
200.0
200.0
200.0
200.0
200.0
200.0
200.0
200.0
200.0
200.0
200.0
189.0
200.0
200.0
200.0
116.0
200.0
200.0
200.0
200.0
172.0
200.0
200.0
200.0
200.0
200.0
200.0
200.0
200.0
200.0
200.0
200.0
200.0
200.0
200.0
200.0
200.0
200.0
200.0
200.0
200.0
200.0
200.0
200.0
200.0
200.0
134.0
200.0
200.0
142.0
200.0
200.0
200.0
200.0
200.0
200.0
200.0
200.0
200.0
200.0
200.0
200.0
200.0
118.0
200.0
200.0
142.0
200.0
200.0
150.0
200.0
157.0
200.0
114.0
200.0
200.0
200.0
200.0
200.0
200.0
200.0
200.0
200.0
200.0
200.0
200.0
200.0
200.0
200.0
200.0
200.0
191.0
200.0
200.0
200.0
200.0
200.0
200.0
200.0
200.0
200.0
200.0
200.0
200.0
200.0
200.0
200.0
200.0
200.0
200.0
200.0
200.0
200.0
200.0
200.0
200.0
200.0
200.0
200.0
200.0
200.0
200.0
200.0
200.0
200.0
200.0
200.0
200.0
200.0
200.0
200.0
200.0
200.0
200.0
200.0
200.0
200.0
200.0
200.0
200.0
200.0
200.0
200.0
200.0
200.0
200.0
200.0
200.0
200.0
200.0
200.0
200.0
200.0
200.0
200.0
200.0
200.0
200.0
200.0
200.0
200.0
200.0
200.0
200.0
200.0
200.0
200.0
200.0
200.0
200.0
200.0
200.0
200.0
200.0
200.0
200.0
200.0
200.0
200.0
200.0
200.0
200.0
200.0
200.0
200.0
200.0
200.0
200.0
200.0
200.0
200.0
200.0
200.0
200.0
200.0
200.0
200.0
200.0
200.0
200.0
200.0
200.0
200.0
200.0
200.0
200.0
200.0
200.0
200.0
200.0
200.0
200.0
200.0
200.0
200.0
200.0
200.0
200.0
200.0
200.0
200.0
200.0
200.0
200.0
200.0
200.0
200.0
200.0
200.0
200.0
200.0
200.0
200.0
200.0
200.0
200.0
200.0
200.0
200.0
200.0
200.0
200.0
200.0
200.0
200.0
200.0
200.0
200.0
200.0
200.0
200.0
200.0
200.0
200.0
200.0
200.0
200.0
200.0
200.0
200.0
200.0
200.0
200.0
200.0
200.0
200.0
200.0
200.0
200.0
200.0
200.0
200.0
200.0
200.0
200.0
200.0
200.0
200.0
200.0
200.0
200.0
200.0
200.0
200.0
200.0
200.0
200.0
200.0
200.0
200.0
200.0
200.0
200.0
200.0
200.0
200.0
200.0
200.0
200.0
200.0
200.0
200.0
200.0
200.0
200.0
200.0
200.0
200.0
200.0
200.0
200.0
200.0
200.0
200.0
200.0
200.0
200.0
200.0
200.0
200.0
200.0
200.0
200.0
200.0
200.0
200.0
200.0
200.0
200.0
200.0
200.0
200.0
200.0
200.0
200.0
200.0
200.0
200.0
200.0
200.0
200.0
200.0
200.0
200.0
200.0
200.0
200.0
200.0
200.0
200.0
200.0
200.0
200.0
200.0
200.0
200.0
200.0
200.0
200.0
200.0
200.0
200.0
200.0
200.0
200.0
200.0
200.0
200.0
200.0
200.0
200.0
200.0
200.0
200.0
200.0
200.0
200.0
200.0
200.0
200.0
200.0
200.0
200.0
200.0
200.0
200.0
200.0
200.0
200.0
200.0
200.0
200.0
200.0
200.0
200.0
200.0
200.0
200.0
200.0
200.0
200.0
200.0
200.0
200.0
200.0
200.0
200.0
200.0
200.0
200.0
200.0
200.0
200.0
200.0
200.0
200.0
200.0
200.0
200.0
200.0
200.0
200.0
200.0
200.0
200.0
200.0
200.0
200.0
200.0
200.0
200.0
200.0
200.0
200.0
200.0
200.0
200.0
200.0
200.0
200.0
200.0
200.0
200.0
200.0
200.0
200.0
200.0
200.0
200.0
200.0
200.0
200.0
200.0
200.0
200.0
200.0
200.0
200.0
200.0
200.0
200.0
200.0
200.0
200.0
200.0
200.0
200.0
200.0
200.0
200.0
200.0
200.0
200.0
200.0
200.0
200.0
200.0
200.0
200.0
200.0
200.0
200.0
200.0
200.0
200.0
200.0
200.0
200.0
200.0
200.0
200.0
200.0
200.0
200.0
200.0
200.0
200.0
200.0
200.0
200.0
200.0
200.0
200.0
200.0
200.0
200.0
200.0
200.0
200.0
200.0
200.0
200.0
200.0
200.0
200.0
200.0
200.0
200.0
200.0
200.0
200.0
200.0
200.0
200.0
200.0
200.0
200.0
200.0
200.0
200.0
200.0
200.0
200.0
200.0
200.0
200.0
200.0
200.0
200.0
200.0
200.0
200.0
200.0
200.0
200.0
200.0
200.0
200.0
200.0
200.0
200.0
200.0
200.0
200.0
200.0
200.0
200.0
200.0
200.0
200.0
200.0
200.0
200.0
200.0
200.0
200.0
200.0
200.0
200.0
200.0
200.0
200.0
200.0
200.0
200.0
200.0
200.0
200.0
200.0
200.0
200.0
200.0
200.0
200.0
200.0
200.0
200.0
200.0
200.0
200.0
200.0
200.0
200.0
200.0
200.0
200.0
200.0
200.0
200.0
200.0
200.0
200.0
200.0
200.0
200.0
200.0
200.0
200.0
200.0
200.0
200.0
200.0
200.0
200.0
200.0
200.0
200.0
200.0
200.0
200.0
200.0
200.0
200.0
200.0
200.0
200.0
200.0
200.0
200.0
200.0
200.0
200.0
200.0
200.0
200.0
200.0
200.0
200.0
200.0
200.0
200.0
200.0
200.0
200.0
200.0
200.0
200.0
200.0
200.0
200.0
200.0
200.0
200.0
200.0
200.0
200.0
200.0
200.0
200.0
200.0
200.0
200.0
200.0
200.0
200.0
200.0
200.0
200.0
200.0
200.0
200.0
200.0
200.0
200.0
200.0
200.0
200.0
200.0
200.0
200.0
200.0
200.0
200.0
200.0
200.0
200.0
200.0
200.0
200.0
200.0
200.0
200.0
200.0
200.0
200.0
200.0
200.0
200.0
200.0
200.0
200.0
200.0
200.0
200.0
200.0
200.0
200.0
200.0
200.0
200.0
200.0
200.0
200.0
200.0
200.0
200.0
200.0
200.0
200.0
200.0
200.0
200.0
200.0
200.0
200.0
200.0
200.0
200.0
200.0
200.0
200.0
200.0
200.0
200.0
200.0
200.0
200.0
200.0
200.0
200.0
200.0
200.0
200.0
200.0
200.0
200.0
200.0
200.0
200.0
200.0
200.0
200.0
200.0
200.0
200.0
200.0
200.0
200.0
200.0
200.0
200.0
200.0
200.0
200.0
200.0
200.0
200.0
200.0
200.0
200.0
200.0
200.0
200.0
200.0
200.0
200.0
200.0
200.0
200.0
200.0
200.0
200.0
200.0
200.0
200.0
200.0
200.0
200.0
200.0
200.0
200.0
200.0
200.0
200.0
200.0
200.0
200.0
200.0
200.0
200.0
200.0
200.0
200.0
200.0
200.0
200.0
200.0
200.0
200.0
200.0
200.0
200.0
200.0
200.0
200.0
200.0
200.0
200.0
200.0
200.0
200.0
200.0
200.0
200.0
200.0
200.0
200.0
200.0
200.0
200.0
200.0
200.0
200.0
200.0
200.0
200.0
200.0
200.0
200.0
200.0
200.0
200.0
200.0
200.0
200.0
200.0
200.0
200.0
200.0
200.0
200.0
200.0
200.0
200.0
200.0
200.0
200.0
200.0
200.0
200.0
200.0
200.0
200.0
200.0
200.0
200.0
200.0
200.0
200.0
200.0
200.0
200.0
200.0
200.0
200.0
200.0
200.0
200.0
200.0
200.0
200.0
200.0
200.0
200.0
200.0
200.0
200.0
200.0
200.0
200.0
200.0
200.0
200.0
200.0
200.0
200.0
200.0
200.0
200.0
200.0
200.0
200.0
200.0
200.0
200.0
200.0
200.0
200.0
200.0
200.0
200.0
200.0
200.0
200.0
200.0
200.0
200.0
200.0
200.0
200.0
200.0
200.0
200.0
200.0
200.0
200.0
200.0
200.0
200.0
200.0
200.0
200.0
200.0
200.0
200.0
200.0
200.0
200.0
200.0
200.0
200.0
200.0
200.0
200.0
200.0
200.0
200.0
200.0
200.0
200.0
200.0
200.0
200.0
200.0
200.0
200.0
200.0
200.0
200.0
200.0
200.0
200.0
200.0
200.0
200.0
200.0
200.0
200.0
200.0
200.0
200.0
200.0
200.0
200.0
200.0
200.0
200.0
200.0
200.0
200.0
200.0
200.0
200.0
200.0
200.0
200.0
200.0
200.0
200.0
200.0
200.0
200.0
200.0
200.0
200.0
200.0
200.0
200.0
200.0
200.0
200.0
200.0
200.0
200.0
200.0
200.0
200.0
200.0
200.0
200.0
200.0
200.0
200.0
200.0
200.0
200.0
200.0
200.0
200.0
200.0
200.0
200.0
200.0
200.0
200.0
200.0
200.0
200.0
200.0
200.0
200.0
200.0
200.0
200.0
200.0
200.0
200.0
200.0
200.0
200.0
200.0
200.0
200.0
200.0
200.0
200.0
200.0
200.0
200.0
200.0
200.0
200.0
200.0
200.0
200.0
200.0
200.0
200.0
200.0
200.0
200.0
200.0
200.0
200.0
200.0
200.0
200.0
200.0
200.0
200.0
200.0
200.0
200.0
200.0
200.0
200.0
200.0
200.0
200.0
200.0
200.0
200.0
200.0
200.0
200.0
200.0
200.0
200.0
200.0
200.0
200.0
200.0
200.0
200.0
200.0
200.0
200.0
200.0
200.0
200.0
200.0
200.0
200.0
200.0
200.0
200.0
200.0
200.0
200.0
200.0
200.0
200.0
200.0
200.0
200.0
200.0
200.0
200.0
200.0
200.0
200.0
200.0
200.0
200.0
200.0
200.0
200.0
200.0
200.0
200.0
200.0
200.0
200.0
200.0
200.0
200.0
200.0
200.0
200.0
200.0
200.0
200.0
200.0
200.0
200.0
200.0
200.0
200.0
200.0
200.0
200.0
200.0
200.0
200.0
200.0
200.0
200.0
200.0
200.0
200.0
200.0
200.0
200.0
200.0
200.0
200.0
200.0
200.0
200.0
200.0
200.0
200.0
200.0
200.0
200.0
200.0
200.0
200.0
200.0
200.0
200.0
200.0
200.0
200.0
200.0
200.0
200.0
200.0
200.0
200.0
200.0
200.0
200.0
200.0
200.0
200.0
200.0
200.0
200.0
200.0
200.0
200.0
200.0
200.0
200.0
200.0
200.0
200.0
200.0
200.0
200.0
200.0
200.0
200.0
200.0
200.0
200.0
200.0
200.0
200.0
200.0
200.0
200.0
200.0
200.0
200.0
200.0
200.0
200.0
200.0
200.0
200.0
200.0
200.0
200.0
200.0
200.0
200.0
200.0
200.0
200.0
200.0
200.0
200.0
200.0
200.0
200.0
200.0
200.0
200.0
200.0
200.0
200.0
200.0
200.0
200.0
200.0
200.0
200.0
200.0
200.0
200.0
200.0
200.0
200.0
200.0
200.0
200.0
200.0
200.0
200.0
200.0
200.0
200.0
200.0
200.0
200.0
200.0
200.0
200.0
200.0
200.0
200.0
200.0
200.0
200.0
200.0
200.0
200.0
200.0
200.0
200.0
200.0
200.0
200.0
200.0
200.0
200.0
200.0
200.0
200.0
200.0
200.0
200.0
200.0
200.0
200.0
200.0
200.0
200.0
200.0
200.0
200.0
200.0
200.0
200.0
200.0
200.0
200.0
200.0
200.0
200.0
200.0
200.0
200.0
200.0
200.0
200.0
200.0
200.0
200.0
200.0
200.0
200.0
200.0
200.0
200.0
