42.0
13.0
17.0
14.0
13.0
17.0
22.0
19.0
13.0
22.0
13.0
14.0
19.0
22.0
11.0
12.0
28.0
16.0
42.0
25.0
21.0
15.0
18.0
28.0
21.0
30.0
20.0
29.0
25.0
52.0
11.0
15.0
18.0
13.0
18.0
16.0
9.0
20.0
10.0
14.0
46.0
16.0
11.0
14.0
13.0
13.0
13.0
14.0
15.0
15.0
9.0
29.0
13.0
16.0
13.0
14.0
14.0
14.0
12.0
55.0
29.0
16.0
11.0
12.0
18.0
49.0
12.0
17.0
20.0
19.0
13.0
13.0
20.0
22.0
9.0
15.0
10.0
13.0
53.0
34.0
16.0
16.0
42.0
11.0
12.0
39.0
11.0
14.0
13.0
14.0
71.0
13.0
32.0
12.0
38.0
44.0
16.0
14.0
17.0
18.0
12.0
25.0
15.0
30.0
24.0
14.0
17.0
29.0
10.0
18.0
12.0
43.0
26.0
21.0
14.0
50.0
38.0
11.0
29.0
14.0
19.0
11.0
16.0
23.0
26.0
29.0
10.0
19.0
11.0
11.0
15.0
29.0
19.0
9.0
15.0
29.0
15.0
16.0
22.0
10.0
30.0
21.0
9.0
13.0
11.0
20.0
15.0
10.0
20.0
15.0
16.0
12.0
75.0
19.0
19.0
12.0
16.0
34.0
11.0
20.0
14.0
8.0
20.0
14.0
28.0
13.0
18.0
16.0
33.0
10.0
12.0
10.0
17.0
23.0
34.0
24.0
14.0
13.0
15.0
11.0
10.0
18.0
22.0
13.0
21.0
9.0
10.0
15.0
13.0
34.0
15.0
40.0
12.0
13.0
14.0
25.0
14.0
22.0
29.0
14.0
11.0
19.0
20.0
21.0
9.0
20.0
16.0
23.0
27.0
14.0
17.0
28.0
19.0
11.0
18.0
24.0
28.0
18.0
21.0
17.0
34.0
22.0
16.0
15.0
19.0
18.0
31.0
20.0
40.0
15.0
14.0
16.0
27.0
15.0
18.0
29.0
10.0
13.0
24.0
16.0
18.0
24.0
20.0
17.0
15.0
11.0
19.0
16.0
17.0
17.0
21.0
11.0
30.0
25.0
23.0
18.0
20.0
28.0
60.0
81.0
33.0
21.0
28.0
22.0
17.0
27.0
17.0
36.0
21.0
17.0
22.0
30.0
18.0
27.0
26.0
39.0
36.0
26.0
38.0
36.0
33.0
37.0
20.0
18.0
34.0
21.0
32.0
31.0
26.0
25.0
34.0
11.0
24.0
27.0
25.0
18.0
35.0
32.0
29.0
30.0
24.0
17.0
17.0
43.0
28.0
108.0
23.0
28.0
24.0
41.0
27.0
30.0
39.0
37.0
21.0
11.0
37.0
39.0
30.0
33.0
31.0
31.0
49.0
72.0
53.0
39.0
32.0
43.0
115.0
40.0
27.0
44.0
139.0
37.0
55.0
43.0
41.0
24.0
51.0
59.0
45.0
60.0
83.0
74.0
58.0
70.0
43.0
73.0
51.0
87.0
46.0
60.0
67.0
77.0
60.0
86.0
45.0
75.0
101.0
51.0
60.0
90.0
55.0
40.0
65.0
148.0
94.0
53.0
77.0
54.0
51.0
60.0
59.0
71.0
112.0
77.0
74.0
68.0
92.0
67.0
75.0
82.0
127.0
183.0
200.0
158.0
119.0
200.0
98.0
105.0
83.0
107.0
200.0
117.0
157.0
133.0
157.0
200.0
155.0
120.0
141.0
139.0
141.0
148.0
118.0
110.0
172.0
175.0
159.0
100.0
151.0
163.0
126.0
156.0
200.0
200.0
158.0
140.0
152.0
132.0
133.0
200.0
134.0
171.0
200.0
132.0
162.0
129.0
115.0
159.0
117.0
117.0
114.0
129.0
127.0
142.0
157.0
128.0
148.0
122.0
157.0
149.0
152.0
200.0
154.0
109.0
123.0
129.0
120.0
143.0
147.0
109.0
136.0
130.0
113.0
142.0
135.0
144.0
133.0
149.0
113.0
122.0
123.0
143.0
114.0
126.0
117.0
125.0
132.0
118.0
161.0
141.0
129.0
127.0
117.0
134.0
145.0
141.0
127.0
155.0
137.0
118.0
179.0
127.0
153.0
170.0
157.0
177.0
133.0
194.0
138.0
141.0
165.0
159.0
154.0
159.0
200.0
187.0
147.0
146.0
187.0
200.0
200.0
188.0
200.0
200.0
200.0
171.0
200.0
156.0
200.0
184.0
200.0
200.0
200.0
200.0
200.0
200.0
200.0
200.0
200.0
200.0
200.0
200.0
200.0
200.0
200.0
200.0
200.0
200.0
200.0
200.0
200.0
200.0
200.0
200.0
200.0
188.0
200.0
200.0
200.0
200.0
187.0
176.0
200.0
200.0
187.0
189.0
172.0
170.0
178.0
200.0
191.0
187.0
200.0
168.0
200.0
168.0
191.0
177.0
150.0
185.0
190.0
195.0
173.0
200.0
200.0
176.0
200.0
200.0
200.0
178.0
200.0
164.0
200.0
164.0
200.0
200.0
164.0
160.0
147.0
152.0
198.0
200.0
200.0
196.0
192.0
179.0
174.0
200.0
154.0
173.0
185.0
184.0
188.0
200.0
197.0
200.0
200.0
160.0
193.0
149.0
200.0
200.0
155.0
147.0
136.0
150.0
140.0
150.0
135.0
153.0
182.0
142.0
156.0
185.0
173.0
185.0
156.0
178.0
158.0
155.0
161.0
146.0
128.0
179.0
148.0
183.0
167.0
153.0
147.0
187.0
126.0
159.0
127.0
156.0
123.0
128.0
160.0
149.0
132.0
128.0
149.0
140.0
158.0
163.0
142.0
130.0
124.0
136.0
133.0
132.0
141.0
129.0
153.0
133.0
139.0
173.0
151.0
186.0
160.0
131.0
128.0
145.0
156.0
155.0
153.0
178.0
200.0
172.0
194.0
200.0
163.0
148.0
165.0
187.0
140.0
135.0
135.0
153.0
148.0
149.0
186.0
196.0
188.0
183.0
155.0
152.0
149.0
162.0
181.0
150.0
148.0
191.0
178.0
145.0
156.0
161.0
191.0
134.0
161.0
146.0
158.0
170.0
171.0
154.0
151.0
153.0
132.0
146.0
200.0
164.0
153.0
200.0
169.0
186.0
159.0
200.0
154.0
200.0
164.0
163.0
200.0
200.0
200.0
175.0
172.0
167.0
198.0
179.0
158.0
200.0
200.0
200.0
200.0
183.0
200.0
200.0
200.0
154.0
200.0
155.0
200.0
200.0
182.0
200.0
178.0
164.0
200.0
200.0
200.0
160.0
200.0
199.0
200.0
150.0
187.0
200.0
200.0
178.0
161.0
179.0
200.0
199.0
186.0
200.0
190.0
174.0
200.0
200.0
200.0
176.0
200.0
170.0
198.0
200.0
200.0
200.0
200.0
180.0
162.0
200.0
166.0
200.0
183.0
185.0
163.0
200.0
146.0
120.0
91.0
200.0
200.0
162.0
200.0
200.0
200.0
200.0
198.0
183.0
179.0
175.0
200.0
200.0
166.0
200.0
128.0
200.0
200.0
200.0
200.0
200.0
200.0
185.0
200.0
127.0
148.0
200.0
133.0
200.0
200.0
200.0
200.0
200.0
200.0
200.0
200.0
120.0
200.0
200.0
200.0
200.0
200.0
200.0
200.0
157.0
200.0
150.0
176.0
200.0
200.0
200.0
200.0
200.0
200.0
200.0
200.0
200.0
200.0
200.0
200.0
200.0
200.0
200.0
200.0
192.0
200.0
200.0
200.0
200.0
200.0
200.0
200.0
200.0
200.0
200.0
200.0
200.0
200.0
200.0
200.0
200.0
200.0
200.0
200.0
200.0
200.0
200.0
200.0
200.0
200.0
200.0
200.0
200.0
200.0
200.0
200.0
200.0
200.0
200.0
200.0
200.0
200.0
200.0
200.0
200.0
200.0
200.0
200.0
200.0
200.0
200.0
200.0
200.0
200.0
200.0
200.0
200.0
200.0
200.0
200.0
200.0
200.0
200.0
200.0
200.0
200.0
200.0
200.0
200.0
200.0
200.0
200.0
200.0
200.0
200.0
200.0
200.0
200.0
200.0
200.0
200.0
200.0
200.0
200.0
200.0
200.0
200.0
200.0
200.0
200.0
200.0
200.0
200.0
200.0
200.0
200.0
200.0
200.0
200.0
200.0
200.0
200.0
200.0
200.0
200.0
200.0
200.0
200.0
200.0
200.0
200.0
200.0
200.0
200.0
200.0
200.0
200.0
200.0
200.0
200.0
200.0
200.0
200.0
200.0
200.0
200.0
200.0
200.0
200.0
200.0
200.0
200.0
200.0
200.0
200.0
200.0
200.0
200.0
200.0
200.0
200.0
200.0
200.0
200.0
200.0
200.0
200.0
200.0
200.0
200.0
200.0
200.0
200.0
200.0
200.0
200.0
200.0
200.0
200.0
200.0
200.0
200.0
200.0
200.0
200.0
200.0
200.0
200.0
200.0
200.0
200.0
200.0
200.0
200.0
200.0
200.0
200.0
200.0
200.0
200.0
200.0
200.0
200.0
200.0
200.0
200.0
200.0
200.0
200.0
200.0
200.0
200.0
200.0
200.0
200.0
200.0
200.0
200.0
200.0
200.0
200.0
200.0
200.0
200.0
200.0
200.0
200.0
200.0
200.0
200.0
200.0
200.0
200.0
200.0
200.0
200.0
200.0
200.0
200.0
200.0
200.0
200.0
200.0
200.0
200.0
200.0
200.0
200.0
200.0
200.0
200.0
200.0
200.0
200.0
200.0
200.0
200.0
200.0
200.0
200.0
200.0
200.0
200.0
200.0
200.0
200.0
200.0
200.0
200.0
200.0
200.0
200.0
200.0
200.0
200.0
200.0
200.0
200.0
200.0
200.0
200.0
200.0
200.0
200.0
200.0
200.0
200.0
200.0
200.0
200.0
200.0
200.0
200.0
200.0
200.0
200.0
200.0
200.0
200.0
200.0
200.0
200.0
200.0
200.0
200.0
200.0
200.0
200.0
200.0
200.0
200.0
200.0
200.0
200.0
200.0
200.0
200.0
200.0
200.0
200.0
200.0
200.0
200.0
200.0
200.0
200.0
200.0
200.0
200.0
200.0
200.0
200.0
200.0
200.0
200.0
200.0
200.0
200.0
200.0
200.0
200.0
200.0
200.0
200.0
200.0
200.0
200.0
200.0
200.0
200.0
200.0
200.0
200.0
200.0
200.0
200.0
200.0
200.0
200.0
200.0
200.0
200.0
200.0
200.0
200.0
200.0
200.0
200.0
200.0
200.0
200.0
200.0
200.0
200.0
200.0
200.0
200.0
200.0
200.0
200.0
200.0
200.0
200.0
200.0
200.0
200.0
200.0
200.0
200.0
200.0
200.0
200.0
200.0
200.0
200.0
200.0
200.0
200.0
200.0
200.0
200.0
200.0
200.0
200.0
200.0
200.0
200.0
200.0
200.0
200.0
200.0
200.0
200.0
200.0
200.0
200.0
200.0
200.0
200.0
200.0
200.0
200.0
200.0
200.0
200.0
200.0
200.0
200.0
200.0
200.0
200.0
200.0
200.0
200.0
200.0
200.0
200.0
200.0
200.0
200.0
200.0
200.0
200.0
200.0
200.0
200.0
200.0
200.0
200.0
200.0
200.0
200.0
200.0
200.0
200.0
200.0
200.0
200.0
200.0
200.0
200.0
200.0
200.0
200.0
200.0
200.0
200.0
200.0
200.0
200.0
200.0
200.0
200.0
200.0
200.0
200.0
200.0
200.0
200.0
200.0
200.0
200.0
200.0
200.0
200.0
200.0
200.0
200.0
200.0
200.0
200.0
200.0
200.0
200.0
200.0
200.0
200.0
200.0
200.0
200.0
200.0
200.0
200.0
200.0
200.0
200.0
200.0
200.0
200.0
200.0
200.0
200.0
200.0
200.0
200.0
200.0
200.0
200.0
200.0
200.0
200.0
200.0
200.0
200.0
200.0
200.0
200.0
200.0
200.0
200.0
200.0
200.0
200.0
200.0
200.0
200.0
200.0
200.0
200.0
200.0
200.0
200.0
200.0
200.0
200.0
200.0
200.0
200.0
200.0
200.0
200.0
200.0
200.0
200.0
200.0
200.0
200.0
200.0
200.0
200.0
200.0
200.0
200.0
200.0
200.0
200.0
200.0
200.0
200.0
200.0
200.0
200.0
200.0
200.0
200.0
200.0
200.0
200.0
200.0
200.0
200.0
200.0
200.0
200.0
200.0
200.0
200.0
200.0
200.0
200.0
200.0
200.0
200.0
200.0
200.0
200.0
200.0
200.0
200.0
200.0
200.0
200.0
200.0
200.0
200.0
200.0
200.0
200.0
200.0
200.0
200.0
200.0
200.0
200.0
200.0
200.0
200.0
200.0
200.0
200.0
200.0
200.0
200.0
200.0
200.0
200.0
200.0
200.0
200.0
200.0
200.0
200.0
200.0
200.0
200.0
200.0
200.0
200.0
200.0
200.0
200.0
200.0
200.0
200.0
200.0
200.0
200.0
200.0
200.0
200.0
200.0
200.0
200.0
200.0
200.0
200.0
200.0
200.0
200.0
200.0
200.0
200.0
200.0
200.0
200.0
200.0
200.0
200.0
200.0
200.0
200.0
200.0
200.0
200.0
200.0
200.0
200.0
200.0
200.0
200.0
200.0
200.0
200.0
200.0
200.0
200.0
200.0
200.0
200.0
200.0
200.0
200.0
200.0
200.0
200.0
200.0
200.0
200.0
200.0
200.0
200.0
200.0
200.0
200.0
200.0
200.0
200.0
200.0
200.0
200.0
200.0
200.0
200.0
200.0
200.0
200.0
200.0
200.0
200.0
200.0
200.0
200.0
200.0
200.0
200.0
200.0
200.0
200.0
200.0
200.0
200.0
200.0
200.0
200.0
200.0
200.0
200.0
200.0
200.0
200.0
200.0
200.0
200.0
200.0
200.0
200.0
200.0
200.0
200.0
200.0
200.0
200.0
200.0
200.0
200.0
200.0
200.0
200.0
200.0
200.0
200.0
200.0
200.0
200.0
200.0
200.0
200.0
200.0
200.0
200.0
200.0
200.0
200.0
200.0
200.0
200.0
200.0
200.0
200.0
200.0
200.0
200.0
200.0
200.0
200.0
200.0
200.0
200.0
200.0
200.0
200.0
200.0
200.0
200.0
200.0
200.0
200.0
200.0
200.0
200.0
200.0
200.0
200.0
200.0
200.0
200.0
200.0
200.0
200.0
200.0
200.0
200.0
200.0
200.0
200.0
200.0
200.0
200.0
200.0
200.0
200.0
200.0
200.0
200.0
200.0
200.0
200.0
200.0
200.0
200.0
200.0
200.0
200.0
200.0
200.0
200.0
200.0
200.0
200.0
200.0
200.0
200.0
200.0
200.0
200.0
200.0
200.0
200.0
200.0
200.0
200.0
200.0
200.0
200.0
200.0
200.0
200.0
200.0
200.0
200.0
200.0
200.0
200.0
200.0
200.0
200.0
200.0
200.0
200.0
200.0
200.0
200.0
200.0
200.0
200.0
200.0
200.0
200.0
200.0
200.0
200.0
200.0
200.0
200.0
200.0
200.0
200.0
200.0
200.0
200.0
200.0
200.0
200.0
200.0
200.0
200.0
200.0
200.0
200.0
200.0
200.0
200.0
200.0
200.0
200.0
200.0
200.0
200.0
200.0
200.0
200.0
200.0
200.0
200.0
200.0
200.0
200.0
200.0
200.0
200.0
200.0
200.0
200.0
200.0
200.0
200.0
200.0
200.0
200.0
200.0
200.0
200.0
200.0
200.0
200.0
200.0
200.0
200.0
200.0
200.0
200.0
200.0
200.0
200.0
200.0
200.0
200.0
200.0
200.0
200.0
200.0
200.0
200.0
200.0
200.0
200.0
200.0
200.0
200.0
200.0
200.0
200.0
200.0
200.0
200.0
200.0
200.0
200.0
200.0
200.0
200.0
200.0
200.0
200.0
200.0
200.0
200.0
200.0
200.0
200.0
200.0
200.0
200.0
200.0
200.0
200.0
200.0
200.0
200.0
200.0
200.0
200.0
200.0
200.0
200.0
200.0
200.0
200.0
200.0
200.0
200.0
200.0
200.0
200.0
200.0
200.0
200.0
200.0
200.0
200.0
200.0
200.0
200.0
200.0
200.0
200.0
200.0
200.0
200.0
200.0
200.0
200.0
200.0
200.0
200.0
200.0
200.0
200.0
200.0
200.0
200.0
200.0
200.0
200.0
200.0
200.0
200.0
200.0
200.0
200.0
200.0
200.0
200.0
200.0
200.0
200.0
200.0
200.0
200.0
200.0
200.0
200.0
200.0
200.0
200.0
200.0
200.0
200.0
200.0
200.0
200.0
200.0
200.0
200.0
200.0
200.0
200.0
200.0
200.0
200.0
200.0
200.0
200.0
200.0
200.0
200.0
200.0
200.0
200.0
200.0
200.0
200.0
200.0
200.0
200.0
200.0
200.0
200.0
200.0
200.0
200.0
200.0
200.0
200.0
200.0
200.0
200.0
200.0
200.0
200.0
200.0
200.0
200.0
200.0
200.0
200.0
200.0
200.0
200.0
200.0
200.0
200.0
200.0
200.0
200.0
200.0
200.0
200.0
200.0
200.0
200.0
200.0
200.0
200.0
200.0
200.0
200.0
200.0
200.0
200.0
200.0
200.0
200.0
200.0
200.0
200.0
200.0
200.0
200.0
200.0
200.0
200.0
200.0
200.0
200.0
200.0
200.0
200.0
200.0
200.0
200.0
200.0
200.0
200.0
200.0
200.0
200.0
200.0
200.0
200.0
200.0
200.0
200.0
200.0
200.0
200.0
200.0
200.0
200.0
